2 0.690146 6.901462 10
3 1.298840 12.988397 10
4 1.832752 18.327517 10
5 2.507217 25.072173 10
6 6.316192 63.161916 10
7 7.269134 72.691343 10
8 17.260216 172.602162 10
9 22.575703 225.757027 10
10 36.773738 367.737385 10
11 63.071094 630.710939 10
12 149.572055 1495.720551 10
13 209.927459 2099.274593 10
14 916.329072 9163.290719 10
15 703.185998 7031.859981 10
16 767.962042 7679.620419 10
17 835.682140 8356.821398 10
18 1774.858708 17748.587081 10
19 3664.412790 36644.127903 10
20 3122.034950 31220.349501 10
21 4345.502692 34764.021533 8
22 4243.820958 33950.567668 8
23 6869.719250 54957.754001 8
