2 0.060361 1.207212 20
3 0.064421 1.288413 20
4 0.088895 1.777899 20
5 0.084978 1.699556 20
6 0.132295 2.645908 20
7 0.130900 2.618006 20
8 0.164771 3.295428 20
9 0.273681 5.473621 20
10 0.179348 3.586966 20
11 0.177093 3.541853 20
12 0.322812 6.456244 20
13 0.211254 4.225090 20
14 0.217646 4.352915 20
15 0.262297 5.245936 20
16 0.938185 18.763705 20
17 0.259409 5.188174 20
18 0.262499 5.249982 20
19 0.342025 6.840499 20
20 1.215051 24.301021 20
21 0.396586 7.931717 20
22 0.680159 13.603182 20
23 1.426218 28.524368 20
24 0.658873 13.177467 20
25 0.779292 15.585849 20
26 1.215073 24.301464 20
27 1.345462 26.909244 20
28 1.469495 29.389891 20
29 0.817197 16.343940 20
30 1.022332 20.446649 20
31 0.846775 16.935506 20
32 0.950477 19.009536 20
33 3.282779 62.372802 19
34 1.207245 24.144894 20
35 3098.105303 61962.106052 20
36 0.628552 12.571033 20
37 0.788563 15.771269 20
38 2.055495 39.054409 19
39 0.926372 18.527431 20
40 1.883955 37.679090 20
41 0.945570 17.965835 19
42 9.513425 180.755078 19
43 0.995403 18.912654 19
44 2.505885 47.611808 19
45 5.140287 102.805743 20
46 2.028645 40.572905 20
47 2.582431 51.648625 20
48 5.365636 107.312727 20
49 2.768034 55.360685 20
50 1.802973 36.059459 20
51 2.179030 41.401577 19
52 1.578191 31.563814 20
53 4.252359 76.542456 18
54 2.352143 47.042862 20
55 3.220094 64.401875 20
56 49.792093 995.841851 20
57 1.980453 37.628616 19
58 1.519745 30.394892 20
59 10.226542 194.304299 19
60 7.143737 142.874740 20
61 2.593460 49.275733 19
62 5.072040 101.440791 20
63 3.783106 75.662120 20
64 2.425183 48.503670 20
65 1.798921 35.978425 20
66 6.309914 119.888362 19
67 3.052043 61.040857 20
68 28.459156 483.805656 17
69 3.129751 62.595012 20
70 6.188122 123.762443 20
71 2.385925 40.560723 17
72 4.729420 70.941305 15
