1 0.250397 2.503970 10
2 0.351595 3.515949 10
3 0.430634 4.306338 10
4 0.711222 7.112220 10
5 0.766256 7.662565 10
6 1.008440 10.084403 10
7 1.342024 13.420241 10
8 1.913197 17.218773 9
9 152.176537 1369.588837 9
10 3.418493 34.184928 10
11 3.455282 20.731693 6
12 5.804566 46.436526 8
13 9.336447 74.691573 8
14 12.614975 100.919797 8
15 20.932651 125.595904 6
16 13.287002 79.722012 6
17 21.916161 153.413125 7
18 36.963962 147.855848 4
19 28.688129 229.505035 8
20 46.499669 185.998676 4
21 103.013573 721.095008 7
22 52.015874 260.079368 5
23 78.432009 627.456069 8
24 38.092867 152.371469 4
25 138.987504 833.925026 6
26 83.431461 667.451691 8
27 129.619228 648.096140 5
28 934.090213 3736.360851 4
