1 0.450982 9.019631 20
2 0.516038 10.320766 20
3 0.912394 18.247879 20
4 0.871484 17.429688 20
5 0.894598 17.891961 20
6 1.175480 23.509592 20
7 0.995691 19.913818 20
8 0.893531 17.870619 20
9 0.917292 18.345832 20
10 1.125076 22.501512 20
11 0.847952 16.959048 20
12 0.820344 16.406889 20
13 0.980476 19.609512 20
14 1.069680 21.393607 20
15 0.746815 14.936301 20
16 0.761837 15.236746 20
17 0.985785 19.715699 20
18 0.899692 17.993831 20
19 0.819343 16.386858 20
20 1.115787 22.315738 20
21 1.078039 21.560788 20
22 0.742845 14.856900 20
23 0.995210 19.904194 20
24 0.859258 17.185160 20
25 1.213835 24.276692 20
26 1.072211 21.444222 20
27 1.591379 31.827576 20
28 0.847695 16.953898 20
29 1.398583 27.971655 20
30 0.886111 17.722223 20
31 1.254150 25.083005 20
32 0.997134 19.942686 20
33 0.943506 18.870119 20
34 0.767037 15.340740 20
35 0.988524 19.770483 20
36 1.269237 25.384748 20
37 1.285342 25.706844 20
38 7.349305 146.986093 20
39 1.323282 26.465646 20
40 1.147573 22.951464 20
41 1.084221 21.684413 20
42 0.915627 18.312544 20
43 1.505855 30.117095 20
44 0.998415 19.968297 20
45 1.021411 20.428213 20
46 0.941222 18.824441 20
47 1.191027 23.820545 20
48 1.341670 26.833392 20
49 1.079574 21.591478 20
50 1.002684 20.053685 20
51 0.887164 17.743270 20
52 0.885623 17.712470 20
53 1.173566 23.471317 20
54 1.236830 24.736601 20
55 1.455144 29.102886 20
56 1.222505 24.450105 20
57 0.920530 18.410606 20
58 1.330216 26.604314 20
59 1.153245 23.064904 20
60 1.055386 21.107725 20
61 1.303005 26.060105 20
62 1.235641 24.712816 20
63 1.244103 24.882061 20
64 1.398268 27.965367 20
65 0.858904 17.178085 20
66 1.203041 24.060816 20
67 1.143423 22.868450 20
68 1.110782 22.215639 20
69 1.198577 23.971541 20
70 1.222761 24.455213 20
71 1.513662 30.273232 20
72 1.297231 25.944615 20
73 1.185356 23.707117 20
74 0.952820 19.056395 20
75 1.801632 36.032640 20
76 1.821053 36.421061 20
77 1.153240 23.064798 20
78 1.395530 27.910593 20
79 1.350333 27.006661 20
80 1.007822 20.156436 20
81 1.388401 27.768016 20
82 1.486264 29.725274 20
83 1.274059 25.481186 20
84 1.997044 39.940879 20
85 1.208359 24.167182 20
86 1.427816 28.556323 20
87 1.530340 30.606795 20
88 1.329057 26.581148 20
89 1.270800 25.416000 20
90 1.527341 30.546820 20
91 1.138734 22.774677 20
92 1.184973 23.699468 20
93 1.908705 38.174092 20
94 1.343059 26.861174 20
95 1.739339 34.786783 20
96 1.404624 28.092484 20
97 1.902198 38.043968 20
98 1.315990 26.319792 20
99 1.476302 29.526044 20
100 1.575889 31.517778 20
101 1.665742 33.314841 20
102 1.612392 32.247844 20
103 1.099566 21.991321 20
104 1.706657 34.133138 20
105 1.648430 32.968590 20
106 56.470561 1129.411218 20
107 1.744465 34.889301 20
108 2.273784 45.475680 20
109 4.653852 93.077039 20
110 3.664201 73.284026 20
111 1.188970 23.779392 20
112 1.805020 36.100393 20
113 1.887634 37.752679 20
114 1.271103 25.422063 20
115 1.497992 29.959843 20
116 1.570640 31.412790 20
117 1.726190 34.523803 20
118 1.531930 30.638591 20
119 3.850603 77.012055 20
120 1.683075 33.661508 20
121 1.417968 28.359364 20
122 1.479737 29.594742 20
123 1.282155 25.643104 20
124 1.747257 34.945138 20
125 2.086676 41.733517 20
126 1.654314 33.086284 20
127 1.438551 28.771028 20
128 1.328690 26.573798 20
129 1.829874 36.597483 20
130 1.701295 34.025898 20
131 1.575581 31.511627 20
132 1.312309 26.246179 20
133 1.539263 30.785267 20
134 1.784507 35.690135 20
135 1.252248 25.044957 20
136 1.319447 26.388935 20
137 1.344553 26.891054 20
138 2.209932 44.198637 20
139 1.714168 34.283365 20
140 1.280446 25.608923 20
141 1.720634 34.412683 20
142 1.810703 36.214066 20
143 2.184818 43.696360 20
144 5.488929 109.778572 20
145 2.974653 59.493060 20
146 1.574976 31.499514 20
147 1.740593 34.811869 20
148 2.140213 42.804259 20
149 1.628875 32.577497 20
150 1.522216 30.444320 20
151 1.874914 37.498283 20
152 1.617900 32.357998 20
153 2.009394 40.187882 20
154 2.303618 46.072369 20
155 1.675255 33.505107 20
156 2.101835 42.036695 20
157 1.347875 26.957503 20
158 1.766791 35.335826 20
159 1.854003 37.080064 20
160 3.609843 72.196858 20
161 3.501897 70.037937 20
162 1.077010 21.540197 20
163 2.298846 45.976928 20
164 1.585092 31.701841 20
165 1.825551 36.511024 20
166 1.780710 35.614193 20
167 1.574002 31.480050 20
168 1.709103 34.182058 20
169 1.930807 38.616142 20
170 2.434183 48.683652 20
171 2.008673 40.173468 20
172 1.452248 29.044953 20
173 2.345291 46.905818 20
174 1.886647 37.732949 20
175 1.520160 30.403204 20
176 2.500489 50.009778 20
177 2.173234 43.464685 20
178 1.150190 23.003805 20
179 1.831678 36.633568 20
180 1.719013 34.380253 20
181 2.249693 44.993862 20
182 2.142282 42.845635 20
183 1.899766 37.995322 20
184 3.991841 79.836824 20
185 1.928857 38.577150 20
186 2.410357 48.207131 20
187 1.912824 38.256472 20
188 2.192484 43.849678 20
189 1.588440 31.768803 20
190 1.199360 23.987196 20
191 2.178910 43.578205 20
192 2.409977 48.199540 20
193 1.551043 31.020859 20
194 1.852953 37.059058 20
195 2.066610 41.332192 20
196 2.653256 53.065127 20
197 2.541422 50.828446 20
198 3.052823 61.056467 20
199 2.477522 49.550442 20
200 2.739289 54.785779 20
201 1.831807 36.636142 20
202 1.943006 38.860121 20
203 1.551016 31.020316 20
204 2.421403 48.428068 20
205 2.476768 49.535352 20
206 2.000200 40.004009 20
207 4.169069 83.381385 20
208 2.630289 52.605771 20
209 8.465075 169.301504 20
210 1.899753 37.995058 20
211 2.132542 42.650834 20
212 7.695595 153.911890 20
213 1.773764 35.475284 20
214 2.045858 40.917161 20
215 1.816743 36.334860 20
216 2.822934 56.458686 20
217 4.549465 90.989297 20
218 1.539431 30.788625 20
219 3.189464 63.789276 20
220 2.653352 53.067031 20
221 3.613570 72.271405 20
222 11.075229 221.504581 20
223 4.257632 85.152630 20
224 1.825402 36.508047 20
225 2.868585 57.371696 20
226 2.285140 45.702807 20
227 3.989500 79.790008 20
228 3.153403 63.068050 20
229 2.888969 57.779383 20
230 2.364127 47.282531 20
231 3.376455 67.529101 20
232 2.222472 44.449449 20
233 1.697360 33.947196 20
234 3.208870 64.177400 20
235 1.502633 30.052655 20
236 2.567858 51.357164 20
237 3.003608 60.072154 20
238 2.327572 46.551446 20
239 2.338621 46.772416 20
240 2.428647 48.572946 20
241 2.229345 44.586900 20
242 2.009160 40.183194 20
243 1.187065 23.741297 20
244 2.547113 50.942256 20
245 2.629184 52.583682 20
246 2.253113 45.062264 20
247 2.629821 52.596429 20
248 4.470034 89.400678 20
249 1.857534 37.150670 20
250 3.138811 62.776230 20
251 3.140717 62.814346 20
252 2.366027 47.320548 20
253 1.481451 29.629015 20
254 2.131423 42.628462 20
255 3.692108 73.842158 20
256 3.516044 70.320874 20
257 2.159517 43.190340 20
258 2.655862 53.117239 20
259 2.497380 49.947605 20
260 4.802156 96.043112 20
261 2.874392 57.487834 20
262 3.368843 67.376862 20
263 3.301467 66.029336 20
264 3.264337 65.286738 20
265 2.753270 55.065406 20
266 4.364680 87.293592 20
267 2.418710 48.374197 20
268 3.603749 72.074987 20
269 2.069705 41.394092 20
270 2.583192 51.663842 20
271 3.716411 74.328226 20
272 3.206198 64.123956 20
273 1.886948 37.738961 20
274 2.111878 42.237562 20
275 2.487159 49.743172 20
276 1.885654 37.713072 20
277 3.583114 71.662271 20
278 2.670523 53.410463 20
279 2.500725 50.014492 20
280 4.053027 81.060547 20
281 2.052557 41.051147 20
282 1.562743 31.254867 20
283 4.727878 94.557559 20
284 2.967789 59.355771 20
285 2.491850 49.836990 20
286 2.862212 57.244231 20
287 2.613160 52.263201 20
288 2.620852 52.417041 20
289 3.610582 72.211630 20
290 3.624815 72.496293 20
291 1.966242 39.324836 20
292 3.087418 61.748355 20
293 2.453413 49.068256 20
294 2.701504 54.030082 20
295 2.758394 55.167871 20
296 3.961101 79.222015 20
297 4.209225 84.184500 20
298 3.420133 68.402660 20
299 3.276210 65.524197 20
300 3.996653 79.933060 20
301 2.188006 43.760127 20
302 4.222286 84.445711 20
303 2.187609 43.752176 20
304 3.427257 68.545144 20
305 4.751337 95.026743 20
306 3.374837 67.496750 20
307 2.681084 53.621677 20
308 2.726405 54.528107 20
309 3.100247 62.004948 20
310 3.643088 72.861756 20
311 4.595801 91.916019 20
312 2.261676 45.233511 20
313 3.349481 66.989612 20
314 2.698402 53.968047 20
315 1.911618 38.232366 20
316 304.309921 6086.198416 20
317 3.184078 63.681556 20
318 2.420304 48.406072 20
319 2.403261 48.065216 20
320 4.667736 93.354720 20
321 3.097722 61.954449 20
323 3.420549 68.410978 20
324 5.595804 111.916086 20
325 3.708674 74.173483 20
326 4.476981 89.539611 20
327 2.957549 59.150982 20
328 3.550336 71.006712 20
329 3.553132 71.062643 20
330 3.136254 62.725078 20
331 2.207886 44.157718 20
332 4.113120 82.262391 20
333 3.268542 65.370850 20
334 5.313196 106.263928 20
335 3.494533 69.890663 20
336 5.076087 101.521745 20
337 4.115195 82.303900 20
338 2.141649 42.832973 20
339 3.014308 60.286151 20
340 4.023299 80.465978 20
341 2.902583 58.051655 20
342 5.647579 112.951582 20
343 2.493309 49.866172 20
344 7.235850 144.716998 20
345 2.752015 55.040296 20
346 3.895949 77.918989 20
347 5.524781 110.495624 20
348 4.397490 87.949792 20
349 2.746614 54.932278 20
350 4.473725 89.474494 20
351 3.364347 67.286936 20
352 3.192953 63.859051 20
353 3.265266 65.305313 20
354 3.512035 70.240696 20
355 3.121104 62.422072 20
356 2.584276 51.685523 20
357 2.925045 58.500896 20
358 3.656601 73.132012 20
359 4.537738 90.754761 20
360 4.594546 91.890915 20
361 2.636858 52.737152 20
362 5.479289 109.585770 20
363 4.334610 86.692205 20
364 3.173070 63.461396 20
365 6.194771 123.895418 20
366 3.398687 67.973747 20
367 3.374202 67.484049 20
368 5.114861 102.297225 20
369 3.906900 78.138005 20
370 6.635972 132.719444 20
371 3.843424 76.868490 20
372 5.167893 103.357852 20
373 3.281455 65.629099 20
374 4.173342 83.466842 20
375 2.823238 56.464752 20
376 5.631795 112.635907 20
377 5.242320 104.846392 20
378 4.304877 86.097549 20
379 3.525487 70.509736 20
380 3.883073 77.661452 20
381 2.614136 52.282713 20
382 4.434602 88.692036 20
383 4.102062 82.041236 20
384 4.237142 84.742846 20
385 7.289690 145.793793 20
386 4.016479 80.329573 20
387 5.384930 107.698606 20
388 4.503978 90.079557 20
389 4.352159 87.043171 20
390 4.007465 80.149293 20
391 3.873764 77.475274 20
392 4.032084 80.641673 20
393 3.494211 69.884211 20
394 4.539744 90.794885 20
395 4.106656 82.133115 20
396 4.094280 81.885595 20
397 5.116123 102.322460 20
398 4.877830 97.556596 20
399 4.475644 89.512883 20
400 6.480436 129.608716 20
401 3.924900 78.498008 20
402 1.975626 39.512519 20
403 4.639730 92.794600 20
404 9.111354 182.227072 20
405 9.918715 198.374291 20
406 3.727251 74.545021 20
407 4.250542 85.010831 20
408 7.117912 142.358236 20
409 4.389729 87.794580 20
410 4.882637 97.652734 20
411 7.892581 157.851630 20
412 3.478601 69.572017 20
413 4.118349 82.366983 20
414 3.609449 72.188983 20
415 5.163686 103.273725 20
416 6.400137 128.002741 20
417 4.153137 83.062736 20
418 4.286769 85.735384 20
419 4.395004 87.900084 20
420 5.873504 117.470083 20
421 5.811585 116.231703 20
422 3.039991 60.799818 20
423 2.613377 52.267535 20
424 3.242659 64.853173 20
425 422.859013 8457.180264 20
426 6.049845 120.996901 20
427 4.439178 88.783551 20
428 3.151825 63.036498 20
429 6.130777 122.615533 20
430 5.059572 101.191440 20
431 3.292293 65.845851 20
432 7.003330 140.066594 20
433 7.605334 152.106677 20
434 4.487535 89.750704 20
435 6.284835 125.696709 20
436 5.059993 101.199852 20
437 4.047692 80.953840 20
438 6.054908 121.098164 20
439 2.972180 59.443604 20
440 2.242681 44.853623 20
441 5.529298 110.585969 20
442 3.944544 78.890883 20
443 3.962716 79.254320 20
444 7.776976 155.539511 20
445 4.526752 90.535034 20
446 3.100116 62.002314 20
447 3.037835 60.756699 20
448 5.495963 109.919252 20
449 4.444217 88.884333 20
450 4.697614 93.952279 20
451 7.181421 143.628414 20
452 4.585078 91.701555 20
453 3.400671 68.013414 20
454 5.117487 102.349745 20
455 12.523319 250.466372 20
456 8.349039 166.980788 20
457 2.536690 50.733799 20
458 6.016220 120.324407 20
459 9.975930 199.518600 20
460 4.589616 91.792315 20
461 4.377901 87.558011 20
462 4.173296 83.465922 20
463 3.141814 62.836287 20
464 5.646799 112.935978 20
465 5.354364 107.087271 20
466 7.383287 147.665749 20
467 4.451456 89.029119 20
468 4.208097 84.161948 20
469 2.056416 41.128325 20
470 6.916028 138.320560 20
471 5.088072 101.761435 20
472 3.264465 65.289310 20
473 4.428603 88.572070 20
474 4.783945 95.678892 20
475 10.568259 211.365188 20
476 6.341749 126.834980 20
477 7.593993 151.879863 20
478 12.631102 252.622041 20
479 4.126674 82.533476 20
480 5.684065 113.681293 20
481 4.813537 96.270741 20
482 4.429188 88.583757 20
483 4.927624 98.552483 20
484 6.954162 139.083234 20
485 7.245097 144.901938 20
486 7.912546 158.250912 20
487 4.202939 84.058785 20
488 4.283007 85.660141 20
489 3.823444 76.468885 20
490 5.445825 108.916497 20
491 6.832618 136.652357 20
492 5.670346 113.406915 20
493 2.803005 56.060090 20
494 8.408116 168.162327 20
495 6.824777 136.495535 20
496 5.605220 112.104409 20
497 5.325355 106.507103 20
498 7.011595 140.231903 20
499 6.219513 124.390264 20
500 11.534418 230.688359 20
501 5.428385 108.567702 20
502 2.988188 59.763765 20
503 13.197484 263.949683 20
504 8.474801 169.496012 20
505 3.697915 73.958297 20
506 2.297602 45.952033 20
507 10.957340 219.146804 20
508 3.714131 74.282621 20
509 4.886266 97.725327 20
510 5.574602 111.492048 20
511 4.519439 90.388790 20
512 5.777234 115.544685 20
513 4.870888 97.417750 20
514 7.242562 144.851242 20
515 8.605591 172.111827 20
516 3.390241 67.804819 20
517 14.616341 292.326829 20
518 4.242343 84.846851 20
519 7.041142 140.822838 20
520 5.564616 111.292313 20
521 6.524524 130.490477 20
522 4.656209 93.124186 20
523 8.779836 175.596710 20
524 6.692966 133.859313 20
525 5.255617 105.112350 20
526 5.010903 100.218069 20
527 9.369316 187.386329 20
528 6.951605 139.032101 20
529 4.621092 92.421837 20
530 7.491484 149.829685 20
531 5.487640 109.752793 20
532 5.074480 101.489599 20
533 8.420384 168.407681 20
534 4.842633 96.852652 20
535 24.719298 494.385961 20
536 6.486001 129.720021 20
537 5.339147 106.782950 20
538 4.584142 91.682837 20
539 8.862422 177.248449 20
540 4.327258 86.545159 20
541 4.770866 95.417311 20
542 6.380717 127.614345 20
543 9.937318 198.746360 20
544 40.193531 803.870610 20
545 13.980189 279.603786 20
546 9.552018 191.040357 20
547 11.372423 227.448455 20
548 8.364719 167.294373 20
549 9.610593 192.211864 20
550 7.636415 152.728295 20
551 7.875623 157.512455 20
552 4.304308 86.086165 20
553 9.383146 187.662913 20
554 6.252274 125.045473 20
555 6.453105 129.062094 20
556 7.031679 140.633574 20
557 11.228879 224.577571 20
558 9.478644 189.572889 20
559 7.678827 153.576547 20
560 9.725023 194.500457 20
561 6.865506 137.310120 20
562 19.884737 397.694740 20
563 5.306492 106.129838 20
564 3.097457 61.949141 20
565 5.079872 101.597446 20
566 4.981196 99.623925 20
567 5.721511 114.430219 20
568 11.046314 220.926286 20
569 5.376225 107.524492 20
570 9.270691 185.413811 20
571 5.652856 113.057127 20
572 6.118958 122.379168 20
573 7.093104 141.862078 20
574 6.715116 134.302319 20
575 4.772257 95.445134 20
576 7.454208 149.084165 20
577 7.202061 144.041227 20
578 10.523517 210.470331 20
579 5.975842 119.516838 20
580 8.169418 163.388359 20
581 5.081896 101.637918 20
582 8.015049 160.300976 20
583 3.502579 70.051575 20
584 4.984915 99.698304 20
585 3.205325 64.106491 20
586 3.151551 63.031025 20
587 7.126910 142.538208 20
588 15.668623 313.372453 20
589 10.590199 211.803986 20
590 10.896019 217.920387 20
591 7.665274 153.305489 20
592 7.940545 158.810905 20
593 7.246708 144.934152 20
594 7.835146 156.702916 20
595 7.489856 149.797122 20
596 3.841127 76.822541 20
597 6.106099 122.121982 20
598 12.081159 241.623183 20
599 15.421756 308.435115 20
600 11.419488 228.389756 20
601 8.040629 160.812584 20
602 8.079402 161.588046 20
603 10.738963 214.779264 20
604 7.718132 154.362637 20
605 7.774451 155.489025 20
606 10.159992 203.199838 20
607 6.209140 124.182792 20
608 7.503931 150.078625 20
609 9.802470 196.049401 20
610 9.062360 181.247206 20
611 4.890775 97.815493 20
612 4.324567 86.491348 20
613 4.904593 98.091866 20
614 7.435338 148.706755 20
615 6.691671 133.833413 20
616 9.081099 181.621989 20
617 2.879707 57.594134 20
618 6.022008 120.440169 20
619 6.027106 120.542118 20
620 5.572343 111.446869 20
621 9.215640 184.312796 20
622 8.582962 171.659241 20
623 9.502823 190.056469 20
624 7.822269 156.445383 20
625 6.469354 129.387075 20
626 14.432269 288.645383 20
627 13.498742 269.974841 20
628 7.395253 147.905070 20
629 4.295277 85.905547 20
630 7.437844 148.756888 20
631 9.281795 185.635908 20
632 17.621963 352.439270 20
633 6.146086 122.921727 20
634 3.716536 74.330719 20
635 5.885535 117.710703 20
636 9.791565 195.831296 20
637 9.797673 195.953454 20
638 10.596322 211.926441 20
639 5.337071 106.741422 20
640 13.852399 277.047980 20
641 5.365251 107.305022 20
642 7.149810 142.996198 20
643 7.266783 145.335658 20
644 6.275858 125.517167 20
645 5.420661 108.413218 20
646 7.531294 150.625884 20
647 11.505297 230.105950 20
648 5.842660 116.853196 20
649 3.591064 71.821271 20
650 9.965753 199.315064 20
651 5.691527 113.830546 20
652 3.089898 61.797958 20
653 7.366562 147.331234 20
654 2.281408 45.628161 20
655 5.859603 117.192060 20
656 5.075659 101.513179 20
657 11.696413 233.928260 20
658 4.921855 98.437091 20
659 6.228160 124.563194 20
660 13.174277 263.485537 20
661 3.217148 64.342965 20
662 9.163519 183.270379 20
663 13.676732 273.534631 20
664 8.483208 169.664152 20
665 6.552817 131.056339 20
666 10.491788 209.835756 20
667 6.715552 134.311045 20
668 7.262353 145.247058 20
669 7.344326 146.886527 20
670 8.353656 167.073126 20
671 4.686528 93.730559 20
672 12.623898 252.477966 20
673 9.686937 193.738749 20
674 13.884758 277.695155 20
675 3.983913 79.678258 20
676 6.797517 135.950343 20
677 8.775270 175.505392 20
678 7.241653 144.833066 20
679 9.622338 192.446759 20
680 7.197474 143.949471 20
681 21.258863 425.177269 20
682 15.335540 306.710791 20
683 8.797394 175.947882 20
684 7.668283 153.365658 20
685 6.212021 124.240411 20
686 8.753797 175.075941 20
687 12.194930 243.898595 20
688 6.884913 137.698261 20
689 8.985880 179.717596 20
690 5.651725 113.034503 20
691 14.965192 299.303848 20
692 6.807839 136.156783 20
693 3.734389 74.687788 20
694 8.486090 169.721800 20
695 5.065241 101.304828 20
696 8.048923 160.978460 20
697 5.365688 107.313752 20
698 11.860098 237.201968 20
699 14.860562 297.211241 20
700 13.234056 264.681127 20
701 8.553861 171.077216 20
702 7.775194 155.503888 20
703 46.412925 928.258505 20
704 15.308030 306.160609 20
705 8.166964 163.339288 20
706 11.149988 222.999753 20
707 3.975906 79.518120 20
708 10.516770 210.335407 20
709 6.045869 120.917377 20
710 4.416134 88.322681 20
711 4.133657 82.673131 20
712 19.945831 398.916616 20
713 9.570384 191.407674 20
714 9.152567 183.051340 20
715 9.196268 183.925363 20
716 14.784366 295.687323 20
717 6.697061 133.941227 20
718 22.426551 448.531019 20
719 7.321466 146.429321 20
720 10.849281 216.985622 20
721 12.608484 252.169678 20
722 12.798635 255.972707 20
723 16.128303 322.566060 20
724 10.872822 217.456446 20
725 42.779222 855.584439 20
726 16.038692 320.773838 20
727 10.372482 207.449637 20
728 9.152986 183.059715 20
729 28.928234 578.564677 20
730 8.653790 173.075791 20
731 11.524142 230.482840 20
732 12.743049 254.860973 20
733 5.514234 110.284675 20
734 15.520875 310.417506 20
735 5.132958 102.659163 20
736 5.029295 100.585894 20
737 12.668719 253.374371 20
738 17.603482 352.069635 20
739 17.210670 344.213394 20
740 18.254227 365.084532 20
741 7.570385 151.407693 20
742 15.438794 308.775890 20
743 6.142004 122.840071 20
744 4.094503 81.890061 20
745 13.766137 275.322746 20
746 6.936704 138.734081 20
747 13.182655 263.653093 20
748 8.338534 166.770672 20
749 22.906528 458.130558 20
750 9.329216 186.584315 20
751 28.885140 577.702796 20
752 10.952281 219.045616 20
753 16.547449 330.948985 20
754 17.137943 342.758851 20
755 14.180950 283.618999 20
756 4.931334 98.626684 20
757 11.273511 225.470229 20
758 6.733520 134.670403 20
759 5.129049 102.580975 20
760 13.563694 271.273879 20
761 10.204929 204.098581 20
762 12.022898 240.457953 20
763 8.638646 172.772915 20
764 12.408190 248.163796 20
765 16.421498 328.429968 20
766 6.788433 135.768653 20
767 10.050318 201.006357 20
768 18.624375 372.487498 20
769 13.944322 278.886441 20
770 7.445853 148.917050 20
771 11.471915 229.438303 20
772 10.159512 203.190249 20
773 11.110291 222.205812 20
774 12.617481 252.349617 20
775 18.137447 362.748935 20
776 17.720928 354.418561 20
777 9.652220 193.044406 20
778 7.293951 145.879019 20
779 15.413392 308.267848 20
780 5.916834 118.336677 20
781 7.004094 140.081889 20
782 13.380560 267.611197 20
783 10.369111 207.382220 20
784 10.383294 207.665887 20
785 10.547622 210.952445 20
786 7.573553 151.471067 20
787 7.693774 153.875476 20
788 9.180630 183.612600 20
789 20.092334 401.846679 20
790 3.062697 61.253943 20
791 10.263324 205.266490 20
792 12.882008 257.640154 20
793 12.848230 256.964604 20
794 21.247603 424.952056 20
795 10.120875 202.417493 20
796 9.338094 186.761890 20
797 5.771043 115.420861 20
798 8.975747 179.514941 20
799 12.757366 255.147326 20
800 8.136008 162.720159 20
801 10.516663 210.333266 20
802 13.457600 269.151997 20
803 7.619932 152.398631 20
804 7.547650 150.952996 20
805 19.280180 385.603591 20
806 11.410458 228.209162 20
807 16.493663 329.873259 20
808 8.007144 160.142876 20
809 12.364664 247.293271 20
810 11.425369 228.507381 20
811 17.854321 357.086429 20
812 8.181585 163.631698 20
813 9.457098 189.141962 20
814 11.315613 226.312253 20
815 32.173052 643.461046 20
816 6.561877 131.237546 20
817 22.082851 441.657021 20
818 4.053728 81.074552 20
819 39.961535 799.230699 20
820 14.902921 298.058427 20
821 12.403459 248.069174 20
822 10.253898 205.077958 20
823 6.439034 128.780682 20
824 4.869932 97.398649 20
825 13.234480 264.689594 20
826 25.371854 507.437086 20
827 8.680708 173.614164 20
828 16.950992 339.019834 20
829 10.957400 219.148008 20
830 26.503223 530.064461 20
831 25.361553 507.231069 20
832 18.252297 365.045943 20
833 11.199892 223.997834 20
834 7.800149 156.002979 20
835 12.351699 247.033984 20
836 14.014053 280.281050 20
837 8.824547 176.490947 20
838 15.382782 307.655649 20
839 7.587510 151.750199 20
840 11.417559 228.351173 20
841 13.000387 260.007739 20
842 18.539817 370.796349 20
843 11.548169 230.963388 20
844 35.413650 708.272992 20
845 10.187564 203.751274 20
846 6.473981 129.479622 20
847 25.178440 503.568810 20
848 16.202249 324.044979 20
849 12.708108 254.162169 20
850 12.229352 244.587050 20
851 4.690802 93.816048 20
852 15.385790 307.715793 20
853 7.613941 152.278829 20
854 10.236274 204.725473 20
855 16.086614 321.732272 20
856 11.804135 236.082697 20
857 20.798167 415.963341 20
858 13.716872 274.337432 20
859 19.901607 398.032139 20
860 11.555971 231.119423 20
861 7.962017 159.240334 20
862 9.760819 195.216389 20
863 15.206642 304.132835 20
864 14.680890 293.617795 20
865 10.371541 207.430812 20
866 10.431670 208.633409 20
867 10.006199 200.123987 20
868 33.414459 668.289184 20
869 15.599513 311.990260 20
870 22.753779 455.075585 20
871 9.586244 191.724886 20
