3 0.659440 19.783215 30
4 0.597239 17.917182 30
5 0.512150 15.364495 30
6 0.414330 12.429895 30
7 3.193036 95.791082 30
8 1.630651 48.919532 30
9 0.859023 25.770689 30
10 0.535019 16.050558 30
11 2.006422 60.192646 30
12 0.505581 15.167423 30
13 0.558595 16.757852 30
14 0.648584 19.457527 30
15 0.580342 17.410254 30
16 0.580864 17.425909 30
17 1.165231 34.956923 30
18 1.365309 40.959262 30
19 0.525601 15.768040 30
20 0.797603 23.928078 30
21 0.850590 25.517688 30
22 0.626506 18.795188 30
23 0.808418 24.252544 30
24 1.101985 33.059554 30
25 0.731787 21.953596 30
26 1.930065 57.901942 30
27 0.810965 24.328942 30
28 0.660585 19.817559 30
29 0.767108 23.013247 30
30 0.790818 23.724540 30
31 0.873781 26.213431 30
32 0.626530 18.795915 30
33 1.243637 37.309109 30
34 1.405054 42.151605 30
35 0.771167 23.135007 30
36 1.377669 41.330085 30
37 0.873584 26.207522 30
39 0.779276 23.378294 30
40 0.673941 20.218225 30
41 1.111898 33.356946 30
42 2.558982 76.769474 30
43 1.686729 50.601864 30
44 0.856801 25.704019 30
