TestL7FirewallJustRun
33.5191321373
39.0742938519
76.3401098251
525.018450975
78.7348680496
49.8012878895
73.8838019371
120.510823965
35.9561030865
79.2863068581
118.393483877
49.873183012
161.850028038
159.481380939
39.2590591908
41.8098859787
55.6298830509
2119.69711804
81.8046631813
287.293022156


TestDPIFw
218.580475092
454.68844986
139.529194832
96.9553949833
58.6457488537
607.274188995
122.879809856
86.6357898712
441.334563017
91.7544159889
64.8950278759
131.285418987
70.9240088463
116.312558174
243.173676014
82.6170971394
363.530107975
433.495439053
96.2402749062
464.484441996


TestL7FirewallPathIndependence
171.279260874
789.114929914
292.015460968
247.391535044
155.672371864
235.887959003
2082.89619994
2942.87074614
161.507173061
484.32350421
585.441871166
227.93273592
898.64102006
275.250822067
136.236351967
217.232404947
128.791710138
253.703102827
138.893297911
384.482764959


TestLSRRFwNorm
5.38995695114
9.39240217209
13.4566290379
12.7784330845
3.53266000748
11.9387462139
6.79079604149
3.36111307144
13.4379491806
20.7071452141
14.3839108944
9.06438803673
14.8383579254
20.3277168274
3.16750192642
2.09931993484
6.60018610954
14.4556000233
15.6858260632
4.44825696945


