TestL7FirewallJustRun
5.37887978554
5.08277606964
2.27384901047
3.11447906494
2.39171004295
6.93717908859
1.51863384247
2.4855120182
2.24111199379
2.85145282745
14.3920331001
5.08388805389
9.82174921036
6.06562709808
3.85456395149
2.91944217682
3.37397789955
1.42470002174
2.40415406227
2.67429995537
1.73166298866
1.74106001854
4.25761985779
4.5556769371
1.51636314392
14.624548912
2.64241719246
2.57269787788
3.72903609276
1.7318789959
2.24940395355
4.08188986778
1.5709400177
12.9519081116
2.20775294304
11.3810231686
5.02971315384
15.5752708912
5.41865086555
4.85838603973
2.94405913353
2.05643296242
1.70424604416
1.59705686569
26.3852798939
12.847910881
19.9906899929
7.91597318649
4.72198200226
4.82466697693
2.65334701538
2.32627701759
2.00299286842
1.93349194527
2.18237185478
15.3406188488
6.4714319706
12.9824118614
1.82367610931
2.77250599861
1.38033103943
1.81382799149
1.82845807076
2.95538210869
2.14908719063
1.88101601601
3.90604901314
3.03688216209
9.11960506439
9.47216010094
2.17760801315
2.11329483986
12.0172979832
3.73740196228
2.9654238224
2.1804420948
9.90754985809
2.61921715736
1.86524391174
68.0435471535
1.58373498917
1.70306396484
1.57243108749
20.4244668484
3.18145704269
4.5825650692
5.13841700554
4.50952315331
6.07542109489
6.99482393265
10.758343935
1.61248707771
1.26673412323
2.24599289894
1.73550319672
3.8521130085
2.70572710037
2.17072987556
1.69794487953
1.9160990715
1.80964803696
2.18657898903
1.32399582863
18.1446909904
1.9460849762
8.9357419014
2.52712988853
4.06035399437
2.41453003883
2.7344558239
2.33801698685
1.54670405388
2.17700600624
19.2190828323
3.07699394226
2.62281894684
1.7168200016
2.57600688934
1.86199879646
1.81373691559
5.2847969532
1.8873860836
1.90876579285
1.86681389809
2.43138098717
2.13343715668
5.16256380081
2.40403199196
24.8568239212
7.87566304207
7.49411392212
1.62939310074
1.93991017342
3.46115016937
2.58636617661
1.46464085579
1.32382106781
11.6522450447
2.07058596611
1.43137001991
1.41043496132
1.14189815521
2.90764784813
4.64109587669
1.40716099739
1.96494698524
1.91587781906
1.9223139286
1.82288408279
2.88537096977


TestDPIFw
1.00304913521
0.875176906586
1.04287290573
1.42816305161
2.42825603485
1.48887991905
0.687255859375
1.12849187851
1.77674102783
1.08363103867
0.819239139557
0.986054182053
3.40685415268
0.946511983871
1.63179183006
1.57777404785
1.21419692039
1.44157505035
1.23024296761
0.942286968231
0.917392015457
1.73806595802
1.20024299622
1.47514915466
1.19654202461
1.51172184944
1.47096991539
1.6590051651
1.12786579132
1.06145811081
1.97626614571
1.28612208366
1.94538712502
0.664854049683
0.946213006973
1.21055722237
0.857231140137
1.36450695992
1.21054720879
0.840618133545
1.38271212578
0.763839960098
3.48429894447
1.82548999786
1.37418699265
1.36255502701
1.92306303978
1.3831679821
1.66576910019
1.36317896843
3.06372284889
1.07673716545
2.17254900932
2.53190898895
2.59261012077
3.6004679203
1.56571793556
1.94590902328
13.9471790791
1.44594883919
0.811685085297
3.00205993652
1.31961202621
1.93969893456
1.13297319412
1.65329003334
1.26214504242
1.03785204887
1.19873905182
0.775647163391
1.19939208031
0.784410953522
2.18913793564
1.23918008804
1.07312893867
1.67042613029
1.57766294479
1.69427609444
2.45858502388
7.97988295555
0.938558101654
0.913380861282
1.2781829834
1.91940903664
1.63468813896
0.821474075317
1.26951122284
1.46760511398
1.64093613625
1.68911004066
1.960283041
1.26099586487
1.48290991783
1.13546490669
0.993157863617
7.90827798843
0.840796947479
0.915298938751
3.70086503029
2.83873105049
1.55041193962
0.896820068359
1.59150409698
1.55097985268
1.04942202568
0.911722183228
2.39779901505
1.23455405235
5.69868397713
0.813136100769
0.861853837967
1.25116991997
1.7019109726
1.02164196968
0.975338935852
1.6288459301
0.96147108078
1.3327331543
1.1232790947
1.32745790482
1.08492207527
1.23813295364
0.768301010132
1.09335398674
1.19463706017
1.22776699066
0.88267493248
3.55555701256
1.98795604706
1.50910115242
1.62990093231
0.991011857986
0.862199068069
1.27010178566
1.36444091797
1.44293999672
0.858132839203
1.03395318985
0.942615032196
0.944761991501
1.16462492943
1.19100904465
0.800472974777
1.07499098778
1.42909407616
2.4098739624
1.20005297661
1.46466708183
0.822280883789
1.4321141243


TestL7FirewallPathIndependence
5.34532403946
1.98824715614
133.14437294
2.73388004303
125.309340954
7.29370212555
3.93871998787
2.85731506348
127.911272049
2.37716007233
4.14654588699
3.21608614922
15.890625
4.63399219513
7.11910700798
3.78612995148
9.04315090179
1.56090307236
5.37925720215
2.92700099945
2.15783405304
2.46846699715
13.5836060047
2.99111390114
16.393862009
9.34271597862
2.29052090645
3.84291005135
2.17633700371
8.27756810188
4.02602505684
5.79591703415
114.920547009
18.2687189579
1.98999500275
3.71395301819
4.89527797699
9.35102915764
1.86597204208
3.69533085823
2.6783080101
2.79321408272
1.74886512756
21.5362300873
5.25836896896
8.026720047
2.11589097977
4.55447697639
1632.20964789
2.68240880966
3.02893590927
2.21528100967
2.53972601891
2.84546303749
13.6405780315
4.73912596703
3.12938404083
13.7888798714
907.822321177
4.7456600666
2.94345498085
18.5874550343
139.587551832
97.6030189991
4.00299119949
8.43824601173
7.89251804352
6.70974612236
32.7178010941
26.6661269665
9.49500989914
6.46434593201
4.75399208069
3.519728899
4.40941905975
22.2988500595
7.49148988724
32.1893188953
7.52326107025
9.07361793518
140.445707083
2.1381149292
2.33149600029
4.25657701492
3.61144399643
2.53191804886
4.0056810379
2.79431200027
12.6741089821
2.34589195251
3.15779399872
16.7517359257
5.70807003975
2.9592089653
18.7406740189
3.10478901863
1.30824518204
3.07253909111
144.354931116
25.3752419949
17.2226541042
5.63109302521
4.21888899803
2.62404799461
2.16437602043
7.62153911591
10.6793439388
31.3365368843
7.4151968956
5.37778687477
8.65700888634
1468.21042013
2.4426419735
3.83317494392
26.6970050335
7333.37704301
3.95320415497
2.5004799366
14.38570714
2.60503292084
5.03829789162
4.36386680603
3.43994212151
3.34741783142
71.3899140358
2.01458501816
2.28907990456
2.37980699539
3.07533884048
94.1859591007
3.02392292023
3.64129686356
2.3772380352
2.88622903824
3.44217085838
1.4562060833
5.64728808403
16.8623969555
6.639316082
5.21907520294
5.2468290329
3.8668410778
7.81395697594
8.39644098282
4.39716887474
7.031031847
4.84640693665
6.16246318817
2.79115009308
2.87070703506


TestLSRRFwNorm
0.829336166382
0.34339094162
0.329520940781
0.222849845886
0.474427938461
0.396553039551
0.331861019135
0.393136024475
0.487632036209
0.46719789505
0.214848995209
0.366767883301
0.38320684433
0.358552217484
0.255503892899
0.515247821808
0.19681096077
0.350636005402
0.489880084991
0.447426080704
0.391613006592
0.439714193344
0.547569036484
0.442226886749
0.336054801941
0.25018119812
0.365942955017
0.474977016449
0.345753908157
0.347549915314
0.757635831833
0.511445999146
0.462659835815
0.457621097565
0.357501029968
0.387938976288
0.203577041626
0.42901802063
0.470875024796
0.644243955612
0.426556110382
0.495270013809
0.334214925766
0.482877969742
0.270714998245
0.506596088409
0.282999038696
0.677655935287
0.355108976364
0.366738080978
0.338456869125
0.445739984512
0.511276006699
0.360681056976
0.648460865021
0.376944065094
0.275752782822
0.404074192047
0.468050956726
0.259130954742
0.364948034286
0.243077993393
0.480496883392
0.362419128418
0.46271109581
0.368153095245
0.293952941895
0.36280798912
0.362205028534
0.448019981384
0.452517032623
0.455221176147
0.430564165115
0.373131036758
0.617655992508
0.340121984482
0.442974090576
0.366084098816
0.241771936417
0.379455089569
0.4505610466
0.339717149734
0.381212949753
0.61536693573
0.607771873474
0.388855934143
0.464382886887
0.610769987106
0.343407154083
0.361974000931
0.40074801445
0.354202032089
0.328343153
0.354948997498
0.446350097656
0.449277162552
0.339815855026
0.463579177856
0.401474952698
0.610003948212
0.424921035767
0.370087862015
0.323744058609
0.471035003662
0.397094964981
0.438591957092
0.402673006058
0.512398004532
0.610034942627
0.38502407074
0.467238903046
0.44473695755
0.61719083786
0.443343877792
0.443264961243
0.349458932877
0.442289829254
0.484220027924
0.458453893661
0.343884944916
0.347364902496
0.374161958694
0.367715835571
0.612610816956
0.437987089157
0.483151912689
0.662514925003
0.67390704155
0.349042892456
0.453613996506
0.479074001312
0.350569009781
0.384649991989
0.353552103043
0.507743120193
0.65306019783
0.189320087433
0.385615110397
0.327743053436
0.407904148102
0.427978992462
0.624668121338
0.450803041458
0.339359998703
0.526749849319
0.381477117538
0.430311918259
0.443559885025
0.335376024246
0.496808052063


