TestL7FirewallJustRun
941.339433193
74.3387899399
69.9803328514
143.941291809
1730.57081103
75.1114599705
64.117814064
173.723901987
130.556597948
46.9996740818
40.8251900673
77.3102140427
411.478017092
125.642838955
60.7415468693
53.6510751247
36.464122057
128.51237607
126.613512039
103.258656979


TestDPIFw
82.377464056
154.852355957
152.812733889
56.9972250462
11564.9523311
113.790948153
281.992208958
314.543362141
123.584903955
184.301909924
82.5225999355
146.029607058
167.383448124
315.327854872
138.387368202
100.843662977
167.017235994
378.665645838
202.39875412
6981.99490285


TestL7FirewallPathIndependence
173.712785006
186.299783945
251.965879917
121.504106045
190.341688871
2085.09412599
233.00908494
111.093791008
621.855153084
444.739993095
286.640922785
339.193427801
306.512881041
160.305284023
469.289256811
444.390779018
330.66168189
518.709766865
272.852297068
475.462689161


TestLSRRFwNorm
15.844094038
6.22781682014
9.15321803093
9.23426795006
16.231716156
9.43565392494
19.5765068531
13.2712419033
10.3577320576
14.3801100254
7.09751582146
6.45123410225
5.8398630619
3.56742310524
10.1878421307
13.4950611591
17.3248510361
3.60132002831
3.36893892288
6.02847504616


