TestL7FirewallJustRun
34.9664678574
47.8903188705
53.2044019699
118.856669903
108.148762941
77.2343449593
98.9759449959
42.5784990788
99.8445198536
209.963973045
161.05258894
304.293781042
167.076107025
172.150588036
2014.11341882
85.5800380707
49.8050730228
157.71141696
51.3004560471
128.954847097


TestDPIFw
162.800462008
116.616359949
121.455092907
51.7068510056
85.4317109585
146.550037861
127.882128954
405.104099035
233.99534893
375.068175077
271.120419025
11675.0261681
521.465193033
109.760718107
372.009349108
70.3536000252
82.8704879284
232.14153409
114.072125912
150.407890081


TestL7FirewallPathIndependence
241.074589968
965.829092979
216.142143011
120.827669144
192.098758936
133.534752846
219.627745867
744.571349859
318.643600941
269.451299906
10008.368247
161.04736495
133.960473061
476.630914927
270.369406223
314.578951836
520.30040288
145.000160933
109.576911926
220.502892017


TestLSRRFwNorm
9.93608212471
15.4537739754
6.63144016266
8.64081907272
30.6735489368
3.12874293327
13.3203618526
3.11459803581
4.69948911667
5.00935697556
6.23581790924
5.68313288689
11.1603338718
12.6282331944
7.36601495743
10.8271138668
6.13806796074
9.84327483177
21.150593996
5.71198701859


