TestL7FirewallJustRun
261.959419966
130.500102043
75.1904060841
22.3866391182
84.3167769909
144.474344015
91.3639688492
39.323045969
67.3480279446
418.781908989
204.711550951
226.933815956
66.517111063
76.6431088448
308.740544081
37.4622838497
85.4264438152
64.8118078709
88.8889210224
153.376871824


TestDPIFw
253.441817999
109.597802877
102.565997839
151.034001827
80.7405879498
139.491973877
415.616820097
105.038046122
413.682124138
110.300128222
209.177544832
119.180948973
118.934746027
3221.14114285
130.56951499
135.773890018
612.229466915
195.004273176
103.021420002
160.884141922


TestL7FirewallPathIndependence
435.780557871
266.419400215
443.223567009
189.089486837
553.628136873
94.7666211128
324.062938213
191.026780844
240.138467073
376.547677994
270.200006962
209.003344059
999.417580128
1398.26348376
1056.26803589
891.108577967
201.836375952
241.549209118
212.181739092
161.346050978


TestLSRRFwNorm
16.0099489689
4.46495008469
15.1344609261
4.58635401726
13.4650039673
5.50947809219
4.8531370163
12.1712069511
12.0427529812
5.25443601608
11.6846709251
13.9162528515
10.6686470509
8.28406500816
3.86213803291
17.771543026
13.7284829617
14.653012991
13.6281681061
10.3473799229


