TestL7FirewallJustRun
84.162883997
53.2709839344
35.9986410141
32.1297039986
182.383312941
49.2965579033
84.387360096
19.7320928574
143.879328966
105.165777922
47.1390230656
138.664476156
131.882328987
176.864345074
77.3961479664
93.9529161453
115.046984911
42.4867238998
43.293569088
97.5012221336


TestDPIFw
136.534742117
73.1297779083
133.888345003
75.5045759678
353.114374161
138.286092997
184.513480902
155.119920015
100.761593103
1585.59932494
124.375955105
233.208081007
138.750315905
158.469381094
480.184866905
114.492233992
1005.22272706
84.6083581448
180.137356043
216.843490839


TestL7FirewallPathIndependence
535.89796114
223.180600882
566.188710928
223.305868864
206.618099213
240.501346111
435.154277086
92.4057209492
125.775568962
386.049025774
392.463212967
252.551213026
208.086399078
211.537662029
340.626942873
596.85628891
1593.70658493
127.077023983
530.397203922
211.417509079


TestLSRRFwNorm
15.8069000244
10.5846891403
12.1362469196
9.90362000465
16.1208021641
6.75872302055
4.03948879242
17.299888134
13.1390430927
4.87617111206
11.0026619434
20.2005720139
11.9570710659
11.0235159397
10.862942934
9.34113311768
10.3194730282
3.04591393471
5.15797805786
14.129185915


