TestL7FirewallJustRun
0.41529083252
0.567449092865
0.545567989349
2.97230100632
0.508265018463
0.516075134277
0.787090063095
0.577305078506
0.609171152115
0.477014064789
0.577662944794
1.04072999954
0.412871837616
0.511797904968
0.44732093811
0.549426078796
1.27822184563
0.633959054947
0.355452060699
2.6381790638
0.440218925476
0.32127904892
0.506586074829
0.468978881836
0.978137016296


TestDPIFw
0.326940059662
0.263050079346
0.679811000824
0.301307916641
0.363158941269
0.364828109741
0.358681201935
0.286401033401
0.338006973267
0.297968864441
0.360059022903
0.360181093216
0.321877002716
0.278133869171
0.251529932022
0.415963888168
0.349786996841
0.4166867733
0.471165895462
0.34331202507
0.29726099968
0.436118841171
0.575845003128
1.16256999969
0.478199958801


TestL7FirewallPathIndependence
1.10110497475
0.68944311142
0.609770059586
1.83314800262
0.550271987915
0.787981033325
0.897643089294
361.036242008
0.57458615303
0.660154819489
0.683367967606
335.445994854
0.725611925125
4.18724584579
1.72307395935
0.695430994034
0.736166000366
33.7052490711
1.33656692505
1964.39490294
1.90743088722
0.837855100632
5.06052207947
0.80052113533
2.96622300148


TestLSRRFwNorm
0.0968120098114
0.192010879517
0.129561185837
0.132588863373
0.124353170395
0.123492002487
0.10431098938
0.1768450737
0.12873005867
0.0908899307251
0.0552589893341
0.130327939987
0.110017061234
0.0999372005463
0.178735017776
0.0746159553528
0.182376146317
0.128994941711
0.127678155899
0.0614140033722
0.132651090622
0.182849168777
0.134140014648
0.184803962708
0.137850999832


