1 8.95568490028 16.1498930454 10.2532930374 8.15851712227 3.2594101429 good
2 113.275552988 12.2803571224 18.3372550011 44.7028899193 22.9590661526 good
3 98.8267490864 29.0953500271 165.312839031 112.110440016 42.151594162 good
4 10.3012800217 68.0706949234 34.0126099586 52.0873849392 5.84350395203 good
5 7.28723502159 32.358041048 59.5817301273 52.4076030254 9.64176011086 good
6 16.3134348392 973.665585041 94.3076059818 199.146819115 184.636846066 good
7 59.0967400074 309.850919962 75.531662941 266.239464998 760.985265017 good
8 315.392642021 79.8569538593 122.847964048 263.397465944 143.074482918 good
9 70.8918569088 159.327211857 100.065747976 123.154973984 254.070539951 good
10 110.855427027 160.803200006 36.1307919025 103.98190999 40.560035944 good
11 151.562890053 384.838259935 35.7354199886 80.6666138172 136.626112223 good
12 651.476480007 1085.16286898 211.923461199 162.397147894 41.2326931953 good
13 331.587280035 488.114520073 72.2912929058 48.6511480808 87.9994940758 good
14 196.089942932 465.61086607 1328.34927678 284.184427023 30.2495341301 good
15 865.425246954 59.3836181164 523.951344967 1072.46751595 26.3182749748 good
16 74.9764499664 265.620012999 54.5584740639 64.5940248966 427.572597027 good
17 1380.27817988 292.154112101 252.021613836 71.5585508347 2958.851336 good
18 392.109946012 337.126619101 657.467272043 1566.80065393 392.578665972 good
19 209.256830931 1920.37048984 919.639302015 278.927160978 149.42575407 good
20 290.243347883 645.328522921 1407.52007413 1075.867733 175.693647146 good
21 1156.29806089 784.581217051 679.27736783 4796.29198313 449.7776649 good
22 46.0836920738 2025.50058317 139.652779818 442.857795954 700.539430141 good
23 1017.91979313 769.297924995 381.860334873 1082.65980101 539.761533976 good
24 285.148364067 1379.22932482 2102.93412423 655.989598036 280.427235126 good
25 936.635727167 2733.68421602 58.6853928566 471.080564976 408.308511019 good
26 503.718211174 283.233697176 651.217308998 2260.84502888 412.669042826 good
27 2620.41702414 1041.71339798 2248.83667588 345.222002983 857.081526995 good
28 584.357791185 1032.86864018 6810.89212608 248.687866926 3335.18051291 good
29 4162.65188313 1943.33463907 1122.1054759 519.575973988 307.151912928 good
30 2720.72476888 357.487766981 1248.77011609 753.078099012 1780.12815595 good
31 238.197524071 1408.03505588 463.113882065 281.742724895 321.879677057 good
