1 0.293719053268 0.164877891541 0.166412830353 0.122271060944 0.247067928314 good
2 0.165462017059 0.280507087708 0.261689901352 0.434421062469 0.185264110565 good
3 0.585618019104 0.735553026199 0.259181022644 0.49658203125 0.521358966827 good
4 0.956348896027 0.85794210434 0.910536050797 0.875349998474 0.9252409935 good
5 1.51651215553 1.13749194145 0.742141008377 1.14835309982 1.02286195755 good
6 2.25895595551 1.70464801788 2.28384494781 0.883728027344 0.985116004944 good
7 1.85301685333 1.50196194649 0.85965013504 1.77016496658 2.18800091743 good
8 3.12654304504 3.34765100479 4.08034420013 3.56336712837 2.13600516319 good
9 3.07760810852 1.62309122086 2.1022670269 2.53778100014 3.44339609146 good
10 1.86162090302 3.49922299385 2.87276506424 8.50367212296 5.68969106674 good
11 3.15342998505 3.63185501099 3.17975401878 10.9823908806 8.17278790474 good
12 3.54002308846 3.81751084328 8.34142994881 10.5611579418 4.5174510479 good
13 4.71364402771 7.48831796646 4.50640892982 8.84920096397 9.80588006973 good
14 20.163161993 7.3632171154 6.82371282578 140.305437088 6.68930602074 good
15 20.2628920078 12.0306620598 3.11323809624 11.9916930199 17.0793299675 good
16 15.8756110668 21.2803750038 6.80072402954 14.4632601738 17.9783248901 good
17 39.4313778877 13.2362630367 8.07488203049 14.1679799557 139.245758057 good
18 20.1124448776 29.0254650116 48.1780428886 33.1983530521 34.3674740791 good
19 12.5551788807 7.17697691917 53.7496919632 34.2001810074 55.9553830624 good
20 134.806725025 53.1562860012 77.8122808933 108.848619938 28.8700089455 good
21 25.1052570343 15.19186306 63.8906030655 13.1586909294 37.1252131462 good
22 38.7256119251 43.0594358444 34.9888849258 58.1695230007 132.543802023 good
23 126.06948781 58.501180172 260.065741062 131.116780996 15.6799669266 good
24 119.009662867 59.4906578064 172.355323076 216.389365911 137.110750914 good
25 190.423847914 63.1403210163 171.53361702 55.3873410225 29.0101528168 good
26 58.0702779293 30.40615201 183.786082983 95.3800258636 539.795318842 good
27 825.374415159 29.6858270168 530.429475069 343.397957087 74.5063130856 good
28 288.891530991 361.822542906 43.9394550323 318.198908091 759.320530891 good
29 22.7378869057 770.393160105 560.042710066 221.193372965 49.3916659355 good
30 1587.39946914 442.443255186 508.529766083 495.759861946 53.3440971375 good
31 515.451545954 1027.15870118 1419.72900581 952.144094944 1289.5937202 good
32 200.991464138 2640.29542208 2320.19367313 1289.72221208 1693.62046695 good
33 940.458271027 315.769479036 1521.36547089 4651.51268291 1467.04254699 good
34 2551.80503178 6563.66546416 1649.44167495 929.052642107 4719.14892888 good
