1 0.232041120529 0.168956041336 0.101655960083 0.199387073517 0.195567131042 good
2 0.240690946579 0.250571012497 0.165125131607 0.247390031815 0.178519964218 good
3 0.640018939972 0.368439912796 0.697917938232 0.611377000809 0.549841880798 good
4 0.739893198013 0.500132083893 1.07983088493 0.566358089447 0.560463905334 good
5 1.40172314644 0.743921041489 0.583966016769 0.548439025879 0.559602022171 good
6 0.589921951294 0.97247505188 1.32786297798 2.35443806648 1.69616889954 good
7 1.18325901031 1.61179208755 1.88373494148 1.57470107079 1.44679498672 good
8 1.65326285362 1.33587193489 1.66367888451 0.97567486763 1.69421291351 good
9 2.05265808105 3.16063904762 1.60708999634 5.04814910889 1.92741394043 good
10 1.9977889061 3.53394889832 1.28011202812 3.95249891281 6.33670806885 good
11 2.40128397942 6.75607395172 6.75078988075 9.63441300392 8.7469420433 good
12 6.28923892975 6.55280423164 12.8217060566 5.23279094696 6.53786301613 good
13 9.58688902855 19.1617751122 14.5365209579 2.65185284615 2.76489186287 good
14 2.71310186386 5.18403697014 12.1511487961 22.0888209343 19.2060639858 good
15 8.98665904999 20.6832709312 5.76585698128 42.6199200153 5.04139089584 good
16 12.0165438652 17.7134668827 25.3237638474 90.3928279877 9.57658600807 good
17 24.8040268421 8.97252702713 39.1940889359 12.5945079327 22.9678142071 good
18 30.6574270725 47.4161419868 33.3740100861 49.4957540035 11.3414399624 good
19 35.567291975 22.8664660454 8.81479907036 30.1100161076 15.8862109184 good
20 11.2901000977 34.4983599186 40.3731329441 137.05071187 32.5274341106 good
21 148.141596079 46.3806779385 97.409017086 11.0654511452 49.6465420723 good
22 104.550572872 92.3387317657 54.9560480118 24.2185769081 135.689038992 good
23 71.7858409882 37.7580580711 88.547647953 10.252655983 106.399090052 good
24 24.7803580761 30.2963371277 139.446141958 366.179383993 61.7839810848 good
25 151.260190964 41.9552910328 171.108413219 374.325695992 314.874058008 good
26 237.916904926 33.0911881924 134.426795006 208.406070948 68.0908710957 good
27 468.505196095 91.7520308495 100.350106001 369.326370001 251.997298956 good
28 71.2387990952 194.935873032 474.901313066 109.406060934 757.580498934 good
29 95.3122398853 513.869001865 821.910963058 505.059211016 888.762683868 good
30 424.53373003 240.822530985 533.411529064 31.083521843 800.417362928 good
31 419.06129694 773.563603878 1175.003443 890.537599802 444.877671957 good
32 2759.47177291 2414.87460899 105.100145817 3136.38999486 417.166051149 good
33 1300.79096508 730.770896912 1650.00572395 1167.82912087 6418.18163705 good
34 73.793792963 866.466048956 589.652270079 4660.61136508 986.613749981 good
35 1750.86509109 6411.39217496 2332.44302392 1630.2983532 1715.89124393 good
36 53.9133858681 1097.47942996 7737.98815894 474.78994298 2084.36872697 good
37 5522.48064685 2869.00445509 972.55727005 1318.70853186 10855.738271 good
38 504.636996984 1489.91119504 4709.7738421 638.981114864 5056.32455015 good
