1 0.36696100235 0.121685028076 0.189519166946 0.165145874023 0.289839982986 good
2 0.239730119705 0.159384965897 0.243719100952 0.284590959549 0.170139074326 good
3 0.384067058563 0.403211116791 0.270648956299 0.621034145355 0.949172973633 good
4 0.768311023712 0.844499111176 0.435055971146 0.466943979263 0.374321937561 good
5 0.750357866287 0.991049051285 0.656899929047 1.66011881828 2.07639408112 good
6 1.96278977394 1.17501115799 3.352465868 1.24074888229 1.67635297775 good
7 1.15888595581 1.92451691628 1.48165106773 0.909625053406 2.5652320385 good
8 1.80734205246 1.51003694534 1.46847295761 1.02939510345 2.60425710678 good
9 1.34572315216 2.25340914726 3.44470906258 1.49981093407 1.89098596573 good
10 2.65890908241 5.44939398766 2.4511950016 3.4346780777 4.8410050869 good
11 5.4599480629 2.53124785423 3.82183504105 2.39781999588 4.5498919487 good
12 5.09093904495 3.08283805847 2.80073308945 13.3008100986 7.00220608711 good
13 3.26498889923 6.52393984795 11.3978660107 12.0667819977 6.263931036 good
14 14.4788031578 9.27114582062 26.5094418526 15.40863204 14.7039709091 good
15 12.3831529617 42.1233010292 16.8682961464 13.779761076 4.16160106659 good
16 6.87518286705 29.9188170433 13.5979630947 17.1706569195 4.09229278564 good
17 50.2485899925 11.2512869835 51.4694478512 34.0670819283 75.7458930016 good
18 6.90615606308 55.3852760792 6.60214209557 8.81359696388 13.5548529625 good
19 51.7402172089 15.6914520264 17.0457680225 24.5842378139 23.885789156 good
20 23.2162208557 77.2396700382 87.5241088867 12.1589269638 12.6602809429 good
21 222.225168943 239.530299902 11.4421029091 109.835969925 27.9832720757 good
22 387.528831005 114.030354977 136.958975077 39.0221350193 159.675363064 good
23 117.443244934 41.7742729187 84.8700449467 296.876300097 223.536757946 good
24 166.564489126 184.501993895 42.5890328884 189.15832305 52.3433990479 good
25 155.20856595 23.7054548264 23.1116921902 188.060529947 107.88437891 good
26 310.341297865 202.063463926 55.0562059879 524.941210985 362.382875204 good
27 559.741136074 53.952370882 642.486114025 65.3128268719 274.362763882 good
28 131.947838068 1121.72146487 753.754750013 637.39616704 507.649235964 good
29 511.932822943 374.94125104 1064.29890108 35.3883011341 657.696680069 good
30 689.926254034 2248.53790903 257.335538864 199.567257166 39.2889010906 good
31 1949.81556988 652.803802967 100.128170967 2658.04016495 1251.818259 good
32 673.081516027 117.647412062 271.270881891 2662.03727508 3579.42473006 good
33 532.567080975 976.327948809 1601.1046741 247.118988991 1948.92504501 good
34 2005.20386696 1200.77820897 15130.6310961 133.489181995 104.225701094 good
35 1380.43854213 542.95892787 360.722404003 458.420804977 6318.60849309 good
36 413.219627857 6707.57916903 72.9933159351 1333.5096221 10171.415966 good
37 298.941268921 1725.83973193 5254.258111 3669.75539589 136.159049034 good
38 1501.989856 3973.17383909 1882.61941004 6926.85263491 325.95621419 good
