1 18.5344669819 1.93850898743 3.60341596603 11.8726739883 11.1303679943 good
2 46.8383328915 3.97154092789 158.660059929 125.726366043 126.351193905 good
3 108.98064208 5.82522201538 9.62843084335 15.9767010212 8.6792371273 good
4 52.9445099831 149.075812101 43.3246281147 36.3853218555 33.4667341709 good
5 118.118945837 65.1772129536 338.716512918 35.6051180363 32.6022801399 good
6 31.5318181515 188.019548893 636.402924061 159.272181988 225.995599985 good
7 214.08375597 121.793124914 22.142318964 12.1174888611 42.3806800842 good
8 1378.6433692 905.120977879 33.8965802193 144.524193048 51.6888189316 good
9 774.470468044 511.302583933 41.5107028484 323.716104984 317.236706018 good
10 708.437572002 57.1928877831 135.756455898 158.375371933 647.404052019 good
11 26.3247039318 191.161287069 258.314167023 370.40106988 98.8260560036 good
12 131.883934975 247.603870869 246.305938959 140.799388885 38.449532032 good
13 75.7234320641 867.868189096 36.9775772095 173.95338583 369.620697021 good
14 1021.35938311 564.764032841 466.988354921 18.5947198868 147.188694 good
15 188.026299 116.575345039 570.029484034 333.616378784 382.840926886 good
16 220.74943614 146.194521904 225.180297136 126.217328072 185.342184067 good
17 243.626915216 2405.38070488 585.100643158 1449.40618396 593.910398006 good
18 454.801007032 2102.11992002 178.084260941 201.654624939 1769.64464307 good
19 151.724037886 107.126122952 244.04755187 346.034739017 3946.69608402 good
20 281.17417407 140.006660938 1305.89867997 449.224255085 2231.38069201 good
21 472.050039053 71.4168558121 561.195683002 1599.02811909 2317.3022511 good
22 29.8140370846 764.909942865 1157.84210682 592.285196066 307.008476019 good
23 758.087744951 355.381927013 85.2659511566 4382.19084406 810.903259039 good
24 2748.58858109 688.223438978 2053.97564983 596.98958683 1074.36135793 good
25 1330.22800899 7581.36802888 1395.77189898 3504.82486796 1790.43919992 good
26 1128.77474403 1079.18729806 3971.83007097 3224.98752213 305.653461933 good
27 354.175791979 2603.50947595 550.576220036 71.7311899662 1158.87570119 good
28 4277.16157603 884.115512133 477.46486783 1187.52232599 557.426965952 good
29 453.894520998 274.437510967 1540.90984488 116.414328814 5444.81665206 good
