1 11.1007111073 9.03051900864 8.36640906334 6.98610186577 4.54282999039 good
2 233.487221003 16.6935958862 39.4948699474 73.3747928143 55.8936390877 good
3 54.7222611904 23.7979040146 3.40220594406 39.5980660915 383.962765932 good
4 66.0143260956 28.1734080315 132.249078035 4.54298496246 126.454972982 good
5 245.17057395 224.71769309 89.3802559376 66.8353180885 17.6699929237 good
6 53.9526121616 35.3863649368 47.4823560715 87.9399039745 218.950479031 good
7 156.506808996 8.27600598335 172.754778147 604.760074854 93.2914829254 good
8 203.153877974 217.49368 333.698291063 40.5317549706 250.166381836 good
9 779.40871501 301.040796041 308.241890907 187.125710964 199.866063833 good
10 176.481912136 281.832834959 30.8135869503 419.839747906 177.404300928 good
11 143.966795921 216.850548029 81.8913140297 88.1646499634 449.507053852 good
12 102.673125029 83.1615960598 191.51234889 394.785400867 29.4261779785 good
13 575.865082026 43.6393990517 1536.04760408 86.2964282036 407.473897934 good
14 52.7721610069 309.685981989 446.078160048 118.377307892 529.290202856 good
15 1546.28316784 684.37220192 1072.48287296 377.461276054 14.1734399796 good
16 484.924088955 81.9115619659 789.828284979 753.903141975 325.974419117 good
17 774.390398979 198.032653809 959.04597497 1301.9548161 354.3714149 good
18 2145.59931707 111.875800848 251.709878922 841.225566864 87.3181018829 good
19 173.66596508 246.74388504 292.047405958 751.566758871 1142.87333488 good
20 397.768851042 2003.41714692 3145.02858496 120.332400799 73.914522171 good
21 1904.09112597 138.319817066 1368.81088996 318.195499897 91.263406992 good
22 376.578377008 29.0196769238 109.224881172 492.623557806 299.896615028 good
23 519.962460995 1177.98894191 143.283365965 3820.71810293 403.437633991 good
24 703.542659044 497.990889072 2982.25398088 266.596365929 172.170997858 good
25 193.942234993 190.062145948 186.425498962 328.146665096 966.864798069 good
26 3283.90156507 372.165689945 1072.32833099 2528.18309021 4757.54835987 good
27 766.866884947 649.249943018 1044.43879294 8936.81831408 1421.98656511 good
28 326.056494951 984.436352015 407.142071009 462.557616949 1826.13909698 good
29 813.771857023 745.672673941 528.567176104 6374.1409421 3785.00317621 good
