1 0.281468153 0.326218128204 0.333734989166 0.269915819168 0.223555803299 good
2 0.296181917191 0.191329956055 0.274949073792 0.244235038757 0.275135040283 good
3 1.01218414307 0.585482120514 0.736499071121 0.780623912811 0.786503076553 good
4 0.870848178864 1.17550206184 0.548161029816 0.676438093185 1.21409106255 good
5 1.10610604286 2.90720701218 0.942234992981 0.713276147842 0.947215080261 good
6 0.74969792366 1.20477199554 1.19332003593 2.21324396133 1.18026304245 good
7 1.78093099594 1.91099309921 1.0923140049 1.98364782333 0.974771022797 good
8 1.91305685043 2.05278015137 2.22413778305 4.41730213165 2.06279110909 good
9 5.46409797668 3.69877791405 3.83649206161 1.48791003227 2.5494248867 good
10 8.84587097168 2.83336591721 7.32967710495 7.39373683929 6.70648813248 good
11 4.67401790619 2.00034713745 12.9667799473 14.5747380257 8.54738593102 good
12 4.08710479736 8.4629881382 6.83514404297 4.51869893074 5.91057991982 good
13 5.91981816292 14.7472081184 3.44093704224 8.25178098679 7.90696406364 good
14 19.0277481079 5.26654696465 11.5769431591 10.820168972 7.66367697716 good
15 32.5409030914 52.9386618137 13.7809801102 4.81148886681 18.3772711754 good
16 31.7031710148 56.7888629436 5.42626881599 44.9747509956 17.5740978718 good
17 13.709692955 13.4778940678 22.3595831394 8.78176903725 23.4098489285 good
18 74.7155520916 26.2778820992 37.1041481495 42.0400979519 10.8226799965 good
19 26.846321106 31.5942809582 13.2428560257 17.0920181274 14.3411521912 good
20 54.7287461758 57.8130879402 52.291285038 44.7817659378 52.3668811321 good
21 15.3374090195 31.632589817 45.1826519966 75.7123689651 50.9991250038 good
22 152.794725895 42.6657428741 126.470613003 46.42009902 97.2943761349 good
23 79.2325861454 33.4817810059 87.2951550484 14.2715787888 7.97074389458 good
24 21.5739610195 156.519574881 31.3218541145 81.2051999569 42.4238591194 good
25 774.304834843 206.424038172 249.117257833 138.438762903 348.932851791 good
26 22.4535639286 147.199422836 365.995881081 154.992185116 229.785695076 good
27 401.791414022 226.455863953 175.346338034 35.8635699749 197.828027964 good
28 795.545977831 1421.81790686 1000.67065191 225.908116102 91.4227612019 good
29 44.2454121113 370.452216148 620.43757081 198.688341856 713.823431015 good
30 429.250651121 25.6308391094 512.999230862 40.2344019413 686.970813036 good
31 364.816589832 1675.54804182 1168.28247619 2065.20724297 37.879997015 good
32 562.160764217 443.755759001 1135.98846006 1594.90108418 67.9784860611 good
33 710.611692905 3369.57896519 754.722790003 20.3003501892 979.06307888 good
34 2989.81716704 1114.59661508 3985.63942695 640.55819416 2588.36090279 good
35 128.710018873 1974.00032902 240.190700054 771.473081112 3608.7814641 good
36 1140.26531005 4189.98093486 5390.11407709 796.0725739 282.574656963 good
