1 0.346597909927 0.329738855362 0.412312984467 0.334990978241 0.314604043961 good
2 0.515319108963 0.162532091141 0.302328109741 0.1883289814 0.157793998718 good
3 0.301702022552 0.205795049667 0.702661991119 0.51108789444 0.32679104805 good
4 0.245069980621 0.317538976669 0.347169876099 0.775889873505 1.91722893715 good
5 0.283174037933 1.45242595673 0.672904968262 0.823881149292 0.65832400322 good
6 0.501796007156 2.33333516121 0.665897130966 0.82027888298 0.72173500061 good
7 0.652095079422 1.44045996666 0.985710144043 0.514020204544 0.65886092186 good
8 1.07053184509 4.90461802483 0.496989965439 0.485110998154 0.97995018959 good
9 1.02271819115 1.02892899513 0.749836921692 3.26925706863 1.75548696518 good
10 2.50045895576 1.2628030777 2.58926296234 0.811800956726 0.988394975662 good
11 4.01099205017 0.818874835968 4.42962813377 1.87343502045 1.35587191582 good
12 2.41359901428 1.65817594528 2.99151921272 0.984785079956 1.03941106796 good
13 0.975330114365 1.28929710388 1.44194889069 2.37621998787 0.888864040375 good
14 2.32812190056 1.12867999077 2.35439896584 1.27539491653 5.0681271553 good
15 1.35958194733 14.7643039227 4.32127285004 1.50440907478 4.15046906471 good
16 6.39610004425 1.94206690788 13.7238729 22.4859149456 1.66256904602 good
17 1.92438387871 2.42083191872 2.61393404007 3.94184494019 15.0921728611 good
18 29.1594190598 4.08481001854 2.98057389259 3.33710718155 9.05925607681 good
19 2.33691978455 8.06980204582 14.1230649948 12.5565209389 4.67209196091 good
20 5.28128480911 9.8899948597 5.93470692635 6.55986595154 6.72988915443 good
21 15.6297149658 25.7189939022 2.44180512428 14.4186239243 13.4391191006 good
22 2.74651312828 3.8965420723 3.50152087212 4.20468497276 2.66266703606 good
23 4.15834999084 6.44181609154 8.9222869873 6.56064295769 7.26672506332 good
24 3.94606113434 4.63305401802 14.3390820026 10.4803519249 3.24118518829 good
25 7.52337503433 7.85741901398 5.46873116493 3.58211088181 22.0769209862 good
26 8.26874399185 5.13749814034 11.7378978729 7.12567901611 6.16112184525 good
27 13.6639969349 3.93607282639 13.7970700264 5.01683878899 90.4639270306 good
28 4.46763205528 23.5308330059 19.9088890553 7.6824669838 58.5619599819 good
29 25.5176589489 5.20685696602 43.2127008438 5.50887608528 16.7864739895 good
30 10.0011730194 71.9251031876 12.6033918858 7.27591490746 11.698912859 good
31 55.7116789818 9.11904501915 18.9245889187 35.234087944 10.4468300343 good
32 5.74824500084 15.5540771484 14.2306070328 14.9083061218 335.120160818 good
33 6.17034196854 7.55540895462 10.8897550106 23.7265610695 9.88162779808 good
34 10.356098175 8.31534790993 10.7036371231 10.8892848492 26.4526519775 good
