1 2.26265597343 15.5245769024 5.00241708755 4.12157583237 10.0251030922 good
2 25.8464081287 116.43521595 107.984654188 21.2246630192 115.050769091 good
3 26.6643610001 111.359356165 12.4480638504 47.8058431149 15.7083029747 good
4 103.999748945 45.5643060207 26.4625508785 64.7022619247 95.7700099945 good
5 7.60245203972 39.195472002 106.657405853 52.2994959354 91.7886350155 good
6 57.3264420033 152.340981007 23.284455061 64.3196480274 140.296993017 good
7 35.0284759998 220.005395889 20.9561941624 55.1779649258 39.6907231808 good
8 232.931903124 111.20796895 414.998822927 38.860063076 775.238784075 good
9 91.9817728996 28.8516001701 254.935662985 220.165789127 90.1015720367 good
10 273.957515001 128.023589849 113.55120182 208.170538902 23.8625619411 good
11 193.682574034 372.337173223 422.079830885 423.255768061 59.5337219238 good
12 162.617582083 438.838487864 1096.56150103 378.166121006 101.668144941 good
13 283.994015932 146.632765055 567.548490047 779.025173903 602.052873135 good
14 137.996986151 231.332716227 736.378492832 240.920465946 72.9879748821 good
15 695.685595989 235.864931107 77.6853330135 63.4641551971 194.601140022 good
16 457.501951933 841.919296026 159.288608074 1157.571316 128.566939116 good
17 777.293917179 1177.87103581 945.007384777 968.801404953 223.637295961 good
18 48.0164349079 46.5541830063 92.4183452129 528.973237991 196.004712105 good
19 884.339663029 240.596358061 304.10589385 2090.58891702 1736.12046099 good
20 1156.44112086 3490.46320605 1074.24117112 2886.61722302 126.492324114 good
21 1058.99905801 2688.38230705 132.926516056 884.668665171 914.009597063 good
22 262.912361145 296.196126938 1054.19562697 1659.99818707 475.291589022 good
23 882.636251211 561.806658983 259.623405933 605.063391924 228.828872919 good
24 613.408612013 1496.60349393 322.627263069 136.563808918 957.053679943 good
25 313.33966589 583.787950993 2528.74781919 82.7766141891 2244.9197762 good
26 986.183619976 925.895433903 1050.28154588 142.233017921 2295.78184581 good
27 268.272161961 2299.85263801 781.658894777 376.189307928 100.058274031 good
28 245.456403017 2429.34886289 5322.32445216 510.855391979 765.258951902 good
29 791.671374083 1716.6454711 303.859905005 320.530632973 2671.03029609 good
30 256.034527063 216.724607944 2326.76940489 1272.46021414 655.16839695 good
31 3269.14706421 5704.59320498 2696.25702405 1066.0830071 1662.70920801 good
32 902.730712891 663.166625977 915.119809151 725.35008502 1129.76064801 good
