1 12.2188460827 6.16642904282 4.89695501328 7.51508688927 17.285763979 good
2 152.513283014 128.991716862 47.2326681614 177.151643991 211.8350811 good
3 34.8045020103 44.6511349678 305.818827868 30.0658700466 19.4308350086 good
4 143.083298206 100.554042816 44.8287379742 117.997308969 57.4975380898 good
5 477.123129129 37.5192899704 54.9992997646 763.939821959 14.0146768093 good
6 117.555337906 52.0372421741 100.256517887 83.3126699924 17.4833519459 good
7 382.878652096 591.394918919 39.2746310234 40.9401268959 12.6061530113 good
8 2435.39341307 79.8426361084 171.68890214 120.00336194 40.4430999756 good
9 609.607098103 37.6483280659 83.0380828381 33.7965250015 155.783367872 good
10 137.062381983 454.989346027 296.605123043 64.3242630959 107.823474169 good
11 694.185881138 82.3953351974 129.738933086 746.185224056 389.822936058 good
12 301.342946053 21.3198719025 103.621377945 319.248947859 437.636592865 good
13 1428.96760988 189.271542072 98.4310259819 1193.46141005 248.454010963 good
14 136.191446066 154.239078999 52.7933411598 450.472048044 270.906959057 good
15 537.34261322 241.89182806 216.623164892 630.627233028 184.525458097 good
16 792.126553059 285.988560915 802.530339956 218.989933968 503.122328043 good
17 28.8857970238 30.4391851425 287.030023098 224.96182394 1047.69161916 good
18 1154.83800101 2468.22263193 77.1428029537 879.11841321 416.749961138 good
19 1264.72268391 850.456839085 227.60178113 3380.205755 564.238204002 good
20 192.144629955 292.354667902 950.088571787 500.667634964 495.504050016 good
21 225.906927109 112.364078999 367.027835131 17943.871357 709.453160048 good
22 623.690850019 613.216692924 21.6579158306 163.098227024 361.866825104 good
23 310.820625067 772.48394084 147.105545998 406.938611984 1844.14529514 good
24 389.001818895 2265.76523304 601.077105999 400.175058126 547.570611954 good
25 2602.74030805 1103.59978104 2227.25065684 1163.60483003 2030.96228909 good
26 442.315133095 260.058917046 335.687556028 4254.42434311 139.092710972 good
27 593.355112076 133.62518096 866.196002007 145.159770012 237.62034893 good
28 2000.17219305 178.397299051 1667.7060349 1180.66044712 361.722668886 good
29 330.565464973 760.390850067 2113.46814299 848.15981698 4382.7491889 good
30 116.080453873 467.288966894 456.739516973 2359.82449889 1206.25083804 good
