1 0.192617177963 0.176463842392 0.193540096283 0.194949865341 0.185657024384 good
2 0.238574028015 0.230252027512 0.264065027237 0.145967006683 0.307723045349 good
3 0.3483710289 0.336601018906 0.2262840271 0.427614927292 0.233332157135 good
4 0.217279911041 0.454035043716 0.544128894806 0.284926891327 0.309711933136 good
5 1.95359897614 0.493102073669 1.91371011734 1.21399879456 0.35387301445 good
6 1.19772696495 0.633996963501 0.706457138062 0.595151901245 0.831997871399 good
7 1.13942289352 0.548530101776 0.596513986588 0.430102109909 0.957628011703 good
8 0.849674940109 1.84764695168 0.931254863739 1.21714019775 0.689240932465 good
9 4.41640090942 2.53058314323 0.833317995071 0.837988138199 0.606654167175 good
10 0.776552915573 0.750469923019 1.80525517464 1.06123614311 1.85408115387 good
11 1.07649111748 0.770778894424 11.4220218658 0.660678863525 0.763422012329 good
12 1.6422829628 3.76307487488 1.07470393181 2.62261605263 0.850386142731 good
13 1.93654704094 5.77037501335 2.10650920868 1.19619393349 1.3086271286 good
14 1.59508800507 11.3705029488 3.26435923576 3.43786597252 2.5800588131 good
15 1.92185091972 2.30913686752 1.92186188698 1.85563397408 4.99802184105 good
16 1.92199611664 4.2530310154 1.23448419571 6.79534697533 12.274572134 good
17 2.27885603905 4.05504393578 1.68964886665 2.45761799812 2.14425396919 good
18 2.17494297028 3.07648491859 3.40086007118 2.50754094124 3.96475982666 good
19 11.7062180042 2.6900331974 40.8945789337 2.94413995743 2.78965997696 good
20 6.64238905907 6.45581102371 2.65981912613 4.14587688446 15.2544870377 good
21 7.48183894157 12.7991709709 124.060060024 17.5205879211 14.1429619789 good
22 4.46317911148 62.5559260845 3.8453950882 10.8044290543 4.09215807915 good
23 3.29128599167 5.14425301552 10.9247288704 3.41611814499 3.43219804764 good
24 13.7498171329 31.8720219135 19.4562017918 10.1769111156 11.7658429146 good
25 42.5314230919 11.5484108925 18.9961090088 17.0135538578 173.270646811 good
26 93.6072568893 5.00561285019 7.51681017876 155.38270402 27.3444850445 good
27 6.3248770237 13.2729530334 7.33277511597 21.6675000191 144.643290043 good
28 63.3002388477 5.52235388756 8.18745303154 22.5318961143 31.1637921333 good
29 7.29242110252 8.04492712021 79.8273320198 14.5439219475 17.2516541481 good
30 77.6616261005 10.8467519283 8.38797593117 5.26197504997 30.4227778912 good
31 39.6235551834 9.01226210594 11.2659618855 32.7434098721 31.1639721394 good
32 102.116248131 18.1566169262 9.52965021133 364.875125885 11.4714229107 good
33 7.10666203499 12.5296020508 28.6148920059 17.007833004 1557.11112189 good
34 39.3578231335 66.0875689983 48.799489975 34.9057030678 14.3606770039 good
35 2427.53969908 33.5382471085 59.6329488754 52.002161026 114.949334145 good
36 59.7999300957 27.1351499557 22.4186692238 21.853582859 25.1465339661 good
37 35.8025379181 28.0199542046 33.2688310146 120.001279831 129.289176941 good
38 50.370965004 47.764621973 13.3070719242 57.2052960396 13.5881409645 good
39 252.152195215 389.056878805 23.5310130119 105.611963987 27.135160923 good
40 28.4326488972 33.6301460266 21.6651780605 17.4210970402 20.5359039307 good
41 439.569831848 84.4932909012 49.5354897976 17.0045599937 122.235288858 good
42 97.5368788242 264.565025091 27.0464940071 74.8557939529 167.317687988 good
43 35.1716139317 40.0528531075 63.5202829838 19.7336919308 101.030833006 good
44 195.905361176 28.6032240391 93.1834619045 23.0026810169 171.6314888 good
