1 0.343738079071 0.215173959732 0.297873973846 0.212267160416 0.2542719841 good
2 0.450731992722 0.252060890198 0.499647855759 0.276290178299 0.258811950684 good
3 0.214184999466 0.322412967682 0.517992019653 0.320579051971 0.341605901718 good
4 0.457468032837 0.249402999878 0.517780065536 0.605606079102 0.926919937134 good
5 0.992076158524 2.06396698952 0.48476600647 0.584870100021 0.545149803162 good
6 1.05415892601 0.603543043137 0.766377925873 0.810490131378 1.29180693626 good
7 0.882633924484 1.11168503761 1.60804510117 1.17684984207 0.508204936981 good
8 0.781966924667 1.03170418739 0.975046157837 3.79173207283 1.37917900085 good
9 0.925060987473 1.8918838501 1.65578317642 1.04159593582 1.55687594414 good
10 1.13867998123 6.73094010353 1.38532018661 0.872611045837 1.08081197739 good
11 2.07407689095 3.34098601341 0.644054889679 1.99888205528 1.69737100601 good
12 2.4298658371 1.29624390602 5.36292791367 1.32551217079 5.95394587517 good
13 1.80063199997 1.55215287209 1.19456601143 2.81528306007 3.26699900627 good
14 1.9209728241 1.6472029686 8.04799079895 1.73160505295 1.94438099861 good
15 2.95521712303 1.67187380791 4.60039305687 2.73004293442 2.90933299065 good
16 7.5381231308 5.51791501045 2.71210193634 29.6517009735 2.29526901245 good
17 3.25794100761 1.77683520317 2.17688703537 2.76767802238 1.99633312225 good
18 2.3673210144 2.37794208527 6.73103690147 2.93353295326 2.86043000221 good
19 8.41811299324 3.95251297951 4.60101795197 11.6883251667 6.94070482254 good
20 7.82905197144 8.25888991356 3.07955479622 21.9243280888 11.7169098854 good
21 8.24779677391 5.58277702332 9.20821690559 16.965818882 14.4873728752 good
22 2.28955888748 12.0632381439 6.10050106049 4.2149078846 5.94081902504 good
23 9.29039001465 7.14631009102 5.05124688148 45.4870250225 4.47266197205 good
24 4.65678310394 35.0358409882 5.45304703712 7.60151481628 16.8531939983 good
25 5.53802895546 35.9632129669 7.53512692451 8.93389797211 10.6943981647 good
26 13.8482079506 13.4156310558 74.8693590164 5.93020606041 9.79425191879 good
27 7.93100595474 7.39922213554 10.4997220039 9.41897916794 5.98283886909 good
28 20.6626908779 21.4554650784 6.37786602974 5.56098413467 7.43946099281 good
29 9.29890990257 6.02202010155 5.58961296082 7.80930304527 9.56314992905 good
30 9.67139291763 13.928123951 8.10796785355 8.34258389473 123.436857939 good
31 7.95833420753 7.91702103615 36.237899065 43.163424015 19.3496699333 good
32 21.4386610985 16.829529047 17.4329919815 31.9924120903 9.31576490402 good
33 15.0093729496 25.9306709766 89.8405361176 125.791676998 28.1420769691 good
34 26.20581007 154.507834911 268.052242041 15.3651430607 18.3970248699 good
35 11.3814959526 76.95125103 15.4621767998 29.3397738934 89.743986845 good
36 14.1160709858 61.9706609249 142.45640707 15.2360889912 300.307075977 good
37 254.72145009 24.8752019405 119.469843864 36.0210261345 13.0190351009 good
38 231.110318184 55.5090429783 24.9670119286 18.6852340698 19.0478069782 good
39 178.300462961 16.4363288879 87.2615749836 30.8397629261 21.6958329678 good
40 48.6651320457 393.220355034 77.4764311314 37.359003067 47.0646348 good
41 29.5251200199 33.2161281109 17.3299319744 99.595484972 135.78805089 good
42 41.463809967 28.1990931034 50.2552068233 84.7119429111 159.116930962 good
43 35.1557760239 27.8268070221 118.949169159 362.264704943 35.5167870522 good
44 39.906126976 22.6295089722 470.255208015 37.1619880199 41.655189991 good
45 348.192960978 117.385982037 23.7743959427 21.5129411221 27.340348959 good
