1 0.347820043564 0.161940097809 0.167706012726 0.253238916397 0.29035115242 good
2 0.19588303566 0.249037027359 0.282805919647 0.307775974274 0.272635936737 good
3 0.415575027466 0.525182962418 0.543721914291 0.245976924896 0.777944087982 good
4 1.39886689186 0.957724809647 0.615467071533 0.698016881943 0.524441957474 good
5 0.860431909561 1.64329195023 0.996294975281 0.507244110107 0.933632850647 good
6 1.77092194557 3.31873893738 1.0351421833 2.33108687401 2.12539887428 good
7 1.1913921833 1.2195019722 1.31152391434 1.69729089737 1.87831115723 good
8 1.85007596016 2.33456301689 1.44271183014 2.22470283508 4.02133011818 good
9 1.90993404388 6.01031279564 1.95551013947 6.29301309586 6.48980593681 good
10 2.47699117661 13.2437331676 8.01466703415 3.60085010529 2.82887196541 good
11 6.55932497978 6.11992096901 2.3385078907 7.32243013382 5.09810996056 good
12 11.7060699463 4.16667103767 6.4819290638 5.02680516243 9.02619385719 good
13 4.17288899422 12.180893898 68.6590487957 6.70277690887 8.81494784355 good
14 33.7924199104 8.29190397263 5.12876391411 3.87937092781 9.5094730854 good
15 26.7293338776 6.96008706093 18.0086860657 13.64417696 17.1756711006 good
16 26.2267510891 27.7716829777 6.0134909153 10.4390339851 14.1555929184 good
17 5.14800310135 17.660875082 29.5399820805 58.8393719196 23.1829919815 good
18 56.0489368439 54.7812161446 5.19394993782 35.9656980038 38.7245528698 good
19 12.3362488747 13.732845068 34.8284890652 37.1270208359 26.782613039 good
20 16.8753778934 42.8248260021 50.660820961 73.1911699772 12.2915999889 good
21 32.8492910862 17.4899668694 48.2361850739 50.089851141 85.8786931038 good
22 430.74552989 133.691500902 172.184455872 71.5051879883 85.9797809124 good
23 40.570759058 118.240595818 37.119601965 12.2513360977 45.9751729965 good
24 339.502724886 233.832916021 136.609157085 371.885400057 62.588752985 good
25 38.3978180885 245.592720985 80.6074550152 23.7615480423 314.819913864 good
26 79.4478330612 813.035652161 266.017158985 319.299446106 33.2558028698 good
27 479.603496075 37.3275249004 218.079644918 286.969259977 362.083809137 good
28 28.4923379421 285.677910089 96.5586071014 50.0184857845 352.712485075 good
29 716.410310984 39.2548649311 1359.29501081 114.78008604 1284.5109539 good
