1 0.313591957092 0.32851600647 0.23851108551 0.178792953491 0.315047025681 good
2 0.262268066406 0.445748090744 0.169507026672 0.284095048904 0.17102098465 good
3 0.304855108261 0.554147005081 0.295066833496 0.334767103195 0.356725931168 good
4 0.83664393425 0.457242012024 0.39115190506 0.280361890793 0.467251062393 good
5 0.341197967529 0.92444896698 0.948982954025 1.59387397766 1.06483697891 good
6 0.649214982986 1.2994890213 0.598697185516 0.547493934631 1.22750997543 good
7 1.13927221298 0.642952919006 1.17326593399 1.26060509682 1.12297511101 good
8 0.860116004944 1.44166898727 2.30487203598 1.39364409447 0.806794166565 good
9 1.5633020401 1.28532004356 1.56749415398 2.08200311661 0.919604063034 good
10 4.91861414909 2.75043106079 3.25150108337 1.93754982948 1.17308306694 good
11 2.05065703392 2.0203268528 1.01080203056 2.47430706024 29.4977898598 good
12 3.59456801414 3.00091099739 3.24532198906 4.59498119354 9.98313593864 good
13 1.39130187035 3.10578393936 2.62600803375 2.8714120388 6.40536618233 good
14 4.17343306541 10.9162700176 3.80267119408 2.62407493591 2.40112304688 good
15 4.67706012726 7.97440218925 10.2083039284 3.18775820732 5.4302508831 good
16 2.29121303558 25.3788080215 28.8072450161 3.79646396637 1.76733088493 good
17 2.04998397827 4.32172393799 2.12255716324 4.5795109272 2.03733706474 good
18 12.6485872269 4.47269487381 1.86844396591 1.81855297089 4.1885099411 good
19 2.72068810463 3.98699903488 1.91547489166 1.62344002724 1.98604106903 good
20 5.6383459568 5.47435092926 5.62140202522 5.36110591888 4.8889040947 good
21 2.94584608078 17.2078390121 9.83453297615 12.1527490616 15.216520071 good
22 8.07475304604 2.32910680771 3.59928202629 3.58449792862 2.41537594795 good
23 8.00237798691 3.27765989304 3.31047797203 4.25581717491 2.77629709244 good
24 39.0831370354 6.12816596031 15.5824198723 8.29921388626 6.04179406166 good
25 6.11848092079 45.1892619133 3.76353693008 4.61907100677 7.58908295631 good
26 3.89736795425 3.0589158535 3.58930110931 7.75648498535 3.87036395073 good
27 39.3534619808 4.50122904778 4.15613007545 57.8268740177 11.9623930454 good
28 6.26920890808 9.81231403351 5.76590394974 5.08413386345 35.1500902176 good
29 7.53195095062 10.9014649391 10.4413499832 7.69137501717 897.128988981 good
30 13.1150178909 6.84871912003 7.47984600067 52.3065049648 10.2823209763 good
31 18.414880991 7.49887704849 7.55250597 45.1647319794 9.65522503853 good
32 51.219080925 9.30606102943 137.901588917 8.45102190971 30.2316470146 good
33 8.99880599976 22.0646948814 302.228429079 13.3977098465 9.2246119976 good
34 9.3834540844 56.1387739182 47.778044939 223.291825056 23.7083470821 good
35 36.7862751484 34.8511240482 56.2608988285 26.7230188847 172.74616003 good
36 250.562463999 81.1999549866 17.7079958916 12.9211521149 180.015834808 good
37 12.4042520523 14.9535200596 2758.94882107 21.8197460175 19.054844141 good
38 19.5897219181 19.523211956 14.1188731194 125.278423071 70.2451789379 good
39 28.1993339062 148.510476112 17.6466329098 125.258405924 19.2266209126 good
40 111.330068111 18.4528179169 70.1937291622 63.6097149849 72.4637439251 good
41 22.2856259346 83.7646138668 20.1599419117 350.966001034 24.4249138832 good
42 52.0177102089 23.0841798782 17.6023240089 22.0818929672 19.728869915 good
43 33.3689260483 30.3957710266 19.5766038895 23.1397628784 23.3610868454 good
44 41.6450090408 24.0543160439 247.337536097 487.194983006 103.656583071 good
45 121.652621031 34.9561009407 89.4189660549 27.0869829655 26.9563360214 good
46 34.2727198601 108.496785164 32.0455999374 32.0645370483 39.2069950104 good
47 93.7259831429 68.5778720379 27.7964360714 36.3542370796 323.343673229 good
48 65.5650129318 237.249716043 25.0582480431 164.206483841 66.7915959358 good
49 66.3033320904 31.442800045 44.9043030739 111.314179182 537.890782833 good
50 40.7304971218 321.037850857 143.952137947 33.298402071 56.4311130047 good
51 63.5533900261 34.408082962 30.4504277706 247.777506828 62.4941821098 good
52 405.363694906 48.4421069622 54.3364620209 56.6359860897 36.5664789677 good
53 431.708340883 65.4603960514 39.9069681168 33.4821820259 135.465513945 good
54 153.142499924 153.137575865 113.823574066 82.8530919552 84.0834519863 good
55 153.540493965 939.312318087 59.2535431385 241.232407093 40.1519191265 good
