1 13.3671441078 5.56151795387 10.8052580357 2.10619115829 4.51680397987 good
2 28.7969310284 5.08278489113 5.89612197876 6.19273209572 134.057499886 good
3 146.464208841 47.9174540043 7.62403488159 4.61589598656 2.70259022713 good
4 113.682698965 33.4697160721 407.021845818 168.222039938 241.03063488 good
5 14.984703064 32.6703510284 28.145554781 569.492835045 54.2784459591 good
6 148.164644003 20.6522109509 63.0525650978 29.2558469772 134.998160839 good
7 53.7620820999 555.786838055 35.1658930779 2085.1468339 22.7950758934 good
8 860.520380974 558.488398075 18.4906139374 124.759562969 64.41989398 good
9 152.927270174 397.211930037 448.032758951 189.49148488 465.001107931 good
10 612.388000965 653.961636066 681.230933905 184.833183765 160.036264896 good
11 387.424498081 213.616387844 170.13113904 126.324156046 501.679688931 good
12 329.359266043 1670.29625893 878.567403078 308.086282015 227.681960106 good
13 59.0765359402 401.761821032 90.9828119278 1220.38800597 221.603595018 good
14 126.93543601 85.2499938011 362.021426201 24.8042650223 853.77559495 good
15 75.3864147663 195.48891592 256.81784606 1178.149822 866.847481966 good
16 519.744121075 69.6444687843 315.047033072 218.557518005 195.868330002 good
17 1939.03257895 1317.44227099 41.9626829624 228.800420046 59.7907748222 good
18 127.945844889 179.417671919 1205.05032086 179.477483988 191.400072813 good
19 802.672060013 435.113300085 190.188105106 220.253109932 144.193192005 good
20 807.239238977 228.999490023 383.700913906 196.996490955 488.729689837 good
21 266.682182074 436.639703035 430.072847128 737.626075983 41294.623548 good
22 912.351350069 425.886646032 500.357274771 273.49545002 640.183129072 good
23 1705.68817806 2405.95791888 2251.27765703 524.811229944 41.0145189762 good
24 43.6647338867 71.9155931473 598.121663094 1722.03084517 800.070108891 good
25 6005.80528307 466.425302982 204.223885059 1564.05805492 2579.95429897 good
26 214.868690014 596.82171011 2897.11055589 252.708729029 1293.22196198 good
