1 0.200714111328 0.373073101044 0.335474014282 0.25304889679 0.158946990967 good
2 0.214872121811 0.231860160828 0.308803081512 0.516883134842 0.177743911743 good
3 0.223891973495 0.272156953812 0.275999069214 0.406981945038 0.609546899796 good
4 0.446657180786 0.423573970795 0.388038158417 0.334797143936 0.414033174515 good
5 0.440520048141 0.98924779892 0.613600969315 0.636083126068 0.81472492218 good
6 0.807574033737 0.838886022568 1.04708099365 0.793489933014 0.381172895432 good
7 0.993853092194 0.703086137772 0.70204782486 0.516997098923 1.38128900528 good
8 0.87503695488 0.702109098434 1.84547686577 1.28136515617 1.42201399803 good
9 1.02887582779 1.78051590919 2.28433394432 0.780844211578 1.31216311455 good
10 2.82753777504 0.931046009064 3.81310987473 1.14593410492 3.862637043 good
11 1.2277238369 1.18435192108 1.29768800735 1.80590105057 1.04835605621 good
12 1.28975009918 1.1663339138 1.09747600555 0.766412973404 1.68219709396 good
13 2.17149782181 0.912669897079 3.47067785263 1.66335201263 3.36740517616 good
14 1.42695617676 1.52405595779 1.76345682144 4.7424659729 1.46706295013 good
15 1.27950692177 9.26724600792 4.46241402626 2.4445681572 1.87886095047 good
16 8.28070878983 1.21559405327 4.91012787819 1.97080516815 3.15436387062 good
17 2.28156709671 38.6493778229 2.05745887756 3.68139100075 1.4788851738 good
18 1.61186504364 1.53521895409 1.77584695816 5.52331805229 5.31580710411 good
19 3.35308694839 2.50221395493 10.5161800385 1.49503898621 3.19746398926 good
20 10.9830620289 3.73941397667 7.1138780117 3.17201900482 4.31707286835 good
21 5.80998301506 12.9550039768 4.78811097145 27.4936609268 6.26664710045 good
22 3.87477684021 9.65416002274 3.03818798065 4.202023983 2.76636314392 good
23 19.1879279613 3.77973103523 3.92102408409 2.66161608696 10.066215992 good
24 2.30284786224 35.9865710735 7.22874999046 3.6464381218 9.47074198723 good
25 5.42851114273 3.58655595779 11.4156310558 18.0437810421 23.8019840717 good
26 5.45045590401 5.72865986824 5.70816302299 92.3580088615 5.30457401276 good
27 6.43603086472 8.45662713051 6.77981305122 40.4503481388 3.73756885529 good
28 11.0906579494 39.2436821461 23.192786932 6.96733903885 13.686342001 good
29 153.659989834 16.9387290478 133.792159796 12.2262310982 33.3860580921 good
30 8.88987588882 54.3759930134 6.50103592873 6.31836795807 6.11256694794 good
31 48.2611420155 21.3395118713 9.2889008522 5.57146000862 10.7178468704 good
32 11.8716769218 10.1672739983 6.85865211487 5.52948379517 9.20811796188 good
33 6.39516997337 7.6933889389 50.2682349682 9.86249303818 7.34435915947 good
34 7.29287409782 21.2620489597 11.1569838524 7.9070289135 11.2394638062 good
35 12.438888073 13.0566408634 224.718271017 11.8851900101 365.762188196 good
36 8.33195090294 18.1552150249 32.1133639812 10.9322109222 16.2609770298 good
37 9.55719709396 38.8326518536 85.6135830879 439.695914984 22.8802039623 good
38 17.1695530415 19.3844220638 18.378562212 18.5879240036 57.787498951 good
39 28.863214016 81.976621151 19.9343829155 136.04121995 15.1996870041 good
40 48.1885361671 549.911309004 35.3891079426 113.827122927 33.4923639297 good
41 1869.86888289 60.6351239681 25.8080019951 19.5632989407 18.8755960464 good
