2 0.698174953461 0.640418052673 0.90846991539 0.741961956024 0.553756952286 1.01461291313 0.590487957001 0.654336929321 0.784192085266 0.702959060669 good
3 1.1953189373 1.00161790848 0.958786964417 1.30632090569 1.23232078552 1.4181470871 0.970669031143 1.32049512863 1.05390501022 1.18136405945 good
4 1.10494112968 1.70960402489 2.87973999977 1.61180591583 1.75315022469 1.10924696922 1.47662305832 1.71531486511 1.89995789528 1.39232110977 good
5 4.25801515579 2.20300507545 2.79057812691 5.11450791359 1.46364283562 2.47541689873 1.95530390739 2.1899960041 4.39339709282 4.04475808144 good
6 6.49189114571 2.27353000641 9.85667991638 11.8691730499 2.28180217743 2.5005171299 4.15601587296 1.92281389236 12.7116858959 7.03555393219 good
7 10.0812129974 7.03044319153 12.4785809517 4.86763381958 3.88048505783 4.20457100868 3.5985481739 7.94095897675 3.75098395348 4.37301516533 good
8 4.82203602791 6.3574848175 6.36675405502 18.0404331684 26.237019062 16.3132460117 8.45386886597 14.8894991875 14.4124748707 5.83564400673 good
9 19.9348421097 8.4221200943 103.452325821 8.55621886253 19.9955770969 30.5670940876 35.1178369522 4.71825408936 21.5972850323 19.7880280018 good
10 30.1882410049 6.60298991203 43.43572402 25.6425020695 41.3930721283 30.194519043 37.9707989693 12.8448910713 21.4127218723 10.152741909 good
11 29.0029599667 51.0415661335 28.0193729401 18.6009020805 15.6193490028 30.0916111469 200.791501045 156.125756025 217.627031088 14.4267520905 good
12 28.6804800034 268.75039196 22.6186830997 21.9099309444 15.093888998 25.5649859905 250.643769026 453.332727909 226.656672001 83.3190500736 good
13 21.8773648739 166.63221693 156.423126936 42.7472298145 162.297779083 203.854691029 91.8663730621 42.6331551075 385.896765947 373.280398846 good
14 78.2887511253 802.619683981 554.99527812 370.33480978 191.175381184 166.577440023 77.248978138 204.984792948 383.583572865 514.25829196 good
15 374.581773996 340.33861804 175.378279924 7.92389988899 48.3943450451 598.080002069 258.222289801 349.858014822 370.805700064 1002.01792312 good
16 2015.13432097 83.3904428482 2222.67660689 2197.55648685 3673.83573508 1879.66410708 1693.67094779 3842.6918211 2124.90154099 1093.32669306 good
17 2657.7884841 741.20973587 2486.37062502 1322.09651804 66.6868388653 1221.08158302 1937.12674189 2743.80639195 353.076035023 1643.66091418 good
18 2308.64239597 359.210257053 1731.49401903 1580.80025887 1448.69670582 1724.5645299 448.967963934 6512.70271111 3725.86546898 4171.20636296 good
19 5504.51809216 1663.10664105 924.033482075 8881.92887998 1401.44274592 63.1298649311 4690.39337993 1074.52274394 1536.19051719 good
20 3357.52963591 3947.81753707 609.083124161 4291.15203691 186.779135942 1454.88293314 18902.8585119 6625.20085406 9242.28172588 2621.83130407 good
