2 0.55998301506 0.702084779739 0.590234041214 0.795565128326 0.574449062347 0.78121805191 0.810200929642 0.687255144119 0.688765048981 0.711707115173 good
3 1.4326300621 0.975255012512 1.40249609947 0.863332033157 1.09095096588 1.14056015015 1.6729888916 1.55756187439 1.39420819283 1.45841407776 good
4 1.93005084991 2.72680521011 2.36568117142 1.45873093605 2.19703197479 1.39145898819 1.73800897598 1.26238203049 1.30393505096 1.95343208313 good
5 1.68539214134 2.90819692612 2.82151293755 2.09599494934 1.82370400429 2.75783085823 2.18745779991 4.07085895538 2.50284218788 2.21838188171 good
6 6.29574894905 4.25045084953 6.08829212189 8.97155308723 6.02104496956 6.00826716423 5.78607320786 4.27023792267 3.81353282928 11.6567149162 good
7 8.62637495995 9.65622901917 11.648319006 6.37841701508 5.81278991699 3.23965907097 8.30291485786 3.52470898628 8.21346282959 7.28846716881 good
8 11.390930891 42.0006458759 35.2444779873 7.43022179604 3.04487609863 10.8267660141 5.52896618843 20.3945770264 9.41249299049 27.328207016 good
9 14.462651968 4.94728279114 22.6224620342 27.6638841629 82.6549420357 31.4619791508 5.6606118679 4.68883919716 23.2916970253 8.30267691612 good
10 24.3017301559 8.66322898865 23.8197789192 107.313016176 50.8967571259 34.2486410141 37.9417080879 36.9072029591 28.2031531334 15.4421679974 good
11 19.3043019772 29.2854561806 209.930731058 41.962692976 12.0142190456 33.1722919941 29.3242559433 101.533723116 33.4869658947 120.696300983 good
12 305.164278984 91.4774889946 94.3390278816 35.1104609966 18.0861129761 76.5569069386 450.496569157 181.962254047 87.5670008659 154.960449934 good
13 141.886956215 429.06210804 81.0342330933 182.322663069 91.8432338238 281.004508018 62.7693839073 461.697159052 183.637868166 184.016479969 good
14 47.3370449543 2579.77449417 32.6334781647 402.375827789 14.6071519852 640.310414076 3706.79302597 1584.59350586 13.8855559826 140.980220079 good
15 126.378226995 1265.71752787 451.69103694 269.871471167 1288.87401915 1167.24457383 657.565927029 12.4171140194 1718.76276493 73.3373188972 good
16 206.626654863 527.410153151 87.6480019093 852.012301207 2118.67338705 1285.695925 211.478647947 810.654978991 128.37606883 1451.04429984 good
17 23.7577660084 1021.16319203 161.629618168 991.784891129 1377.72139311 1750.5447731 137.224873066 115.3666749 430.518427849 2347.10978913 good
18 2875.84427786 3838.82503796 62.3381659985 2728.45458603 3144.77830482 85.7315318584 1936.53493786 1934.35425401 320.801496029 820.924489021 good
19 1732.7887609 4711.54503393 3506.72175503 4056.35549903 3443.57526612 1355.9213891 1939.39942288 2674.09942412 8737.26140189 4486.45994997 good
20 240.958276987 3150.31378889 3562.80333495 4175.201478 11916.6337941 495.979274988 25.3915319443 1409.64483309 4082.38638902 2161.03679895 good
21 2926.46218395 4367.42824197 3443.082057 3419.65147305 4101.41271591 13312.7681172 142.23883009 3050.97791409 good
22 365.727053881 7874.11989594 8417.75445509 1705.89404392 128.473996878 5155.85332203 766.06406498 9536.68083501 good
23 7965.34741378 10541.739928 7541.65237617 2285.21275115 7262.9850502 2169.39515114 5938.17727113 11253.2440598 good
