1 0.527204990387 0.566984891891 0.349958896637 0.684694051743 0.603766918182 0.308464050293 0.334998846054 0.501874923706 0.303172111511 0.353826999664 good
2 0.794633865356 0.279506921768 0.475602865219 0.626590967178 0.494548082352 0.363276004791 0.679282903671 0.466099023819 0.349371910095 0.342881917953 good
3 1.29889297485 1.14424800873 0.893747806549 0.473113059998 0.528267145157 0.789710044861 0.415354967117 0.817238092422 1.38117218018 1.67309403419 good
4 0.681730031967 0.82563495636 1.63198399544 0.921580791473 1.11135101318 1.20234012604 0.537572860718 0.632513999939 1.07586193085 0.497984170914 good
5 1.30986309052 0.800825119019 1.23262190819 1.46891283989 0.480919122696 0.873302936554 1.25082707405 0.479953050613 1.19158601761 0.676241874695 good
6 1.11010098457 2.09135007858 0.82466006279 0.734303951263 0.574673891068 0.986524105072 2.20763993263 1.47406888008 0.559532880783 0.520802974701 good
7 1.48092103004 0.879050016403 0.349836826324 0.767981052399 0.728638887405 3.11875486374 1.69835400581 0.79875421524 0.308195829391 1.73513293266 good
8 0.999220132828 1.05937290192 0.753224134445 0.940771102905 1.28897190094 0.375941991806 0.834113836288 0.716742992401 0.640797138214 0.995074987411 good
9 0.497567176819 1.00887203217 1.13115286827 0.661348104477 0.7461810112 0.907433986664 0.774193048477 0.675981044769 1.59956717491 0.55836391449 good
10 1.05583286285 1.21423101425 1.02730703354 0.597159862518 0.661758184433 1.39134311676 2.68484282494 1.05940699577 1.13268995285 2.18795204163 good
11 1.83016705513 0.351973056793 0.466518878937 1.15181708336 1.18035888672 0.503369092941 1.94152903557 1.16596794128 1.96293616295 0.388500928879 good
12 0.793214082718 0.883172988892 0.389764785767 0.620121002197 1.36515593529 1.15624594688 0.387487888336 0.832134008408 0.280726909637 0.778161048889 good
13 1.6150829792 0.54736995697 0.543001890182 0.509423017502 1.59515810013 0.763216972351 1.15695095062 0.710345029831 0.844168901443 1.48439908028 good
14 0.904330968857 1.15147399902 1.64496707916 1.60383200645 0.322889089584 0.332255125046 0.576404094696 0.452851057053 1.26682090759 0.643621921539 good
15 0.773592948914 0.703716993332 0.616446018219 0.387166023254 0.55144906044 0.571229934692 1.04495310783 0.809934854507 0.596917867661 0.892758846283 good
16 0.586875915527 0.488494157791 0.957093000412 0.33856511116 0.671016931534 0.902074813843 0.564268112183 1.16473412514 1.04153990746 0.450799942017 good
17 1.49294400215 1.35940814018 1.04653096199 1.09166812897 0.851174116135 0.482320070267 1.98296093941 0.522536993027 0.452823162079 2.32550406456 good
18 0.53108215332 0.632244825363 0.511876106262 1.83351492882 0.955880880356 0.941817045212 0.571958065033 0.506316900253 0.737252950668 0.883021831512 good
19 0.974800109863 0.983077049255 0.323280096054 0.468894004822 0.613858938217 0.494302034378 0.924309015274 0.807518959045 0.828383207321 0.407889842987 good
20 0.489478826523 1.03878712654 0.703283071518 1.07801294327 0.778654098511 0.524677991867 2.13939785957 0.832206964493 2.26003789902 0.592260122299 good
21 0.967437982559 1.05051898956 1.31596302986 0.903357982635 1.33129787445 0.858067989349 1.53584694862 1.23204898834 1.15624094009 0.533746004105 good
22 0.976588010788 0.526607036591 0.935245990753 1.0433511734 1.00082111359 0.477251052856 0.38268494606 0.381740093231 1.11775398254 0.546082019806 good
23 0.718570947647 1.09475708008 0.609216213226 1.02995419502 0.480813980103 0.573443889618 0.619683980942 1.03241205215 1.46943902969 1.85434699059 good
24 0.430003166199 0.511807918549 1.06737017632 1.60984110832 2.27593779564 0.358039855957 0.865168094635 0.53111410141 0.515457868576 0.871296167374 good
25 0.824976921082 4.98143720627 1.13569092751 1.04723119736 0.978990077972 1.39030385017 1.26800012589 1.32638716698 0.83150100708 0.348573923111 good
26 1.22579693794 1.26472210884 0.998745918274 0.867649078369 0.38862490654 1.94655299187 0.572172880173 0.535626173019 1.2245900631 1.35360002518 good
27 1.35046887398 2.2579061985 0.645739078522 0.881426811218 3.80396413803 2.11124706268 1.15387701988 3.65500402451 0.867280960083 1.0563788414 good
28 0.51057100296 1.0362329483 0.497949123383 0.974503040314 1.11647796631 0.40718793869 1.36069703102 0.543428182602 0.79944896698 1.09254598618 good
29 2.29527306557 4.06185483932 1.05188798904 1.26776218414 0.926054954529 0.885713815689 0.96954703331 1.31068181992 1.64118504524 0.735450983047 good
30 0.754349946976 0.748654127121 0.448421001434 0.4340031147 0.943828105927 1.54892396927 0.81796503067 0.548624038696 1.1218149662 1.09587192535 good
31 1.56287002563 1.02273011208 0.43838095665 1.35630297661 2.17861700058 2.05505800247 0.491399049759 0.835123062134 0.676736116409 1.50828790665 good
32 1.31504607201 0.975336074829 0.661785840988 0.885924100876 1.48882102966 0.343091011047 0.684448003769 0.953207015991 0.372286081314 0.557149171829 good
33 2.02070498466 0.724173069 0.534780025482 0.996843099594 0.591224908829 1.05872797966 0.623778820038 0.752857923508 1.57744789124 0.510128974915 good
34 0.405585050583 1.01157903671 0.855706930161 0.584646940231 0.488343954086 0.435402154922 1.25369381905 0.714979887009 1.67140698433 0.753571987152 good
35 1.17072796822 1.94198012352 0.938883066177 0.55572104454 0.513071060181 0.530466079712 0.966885089874 1.62348413467 1.01283097267 1.14256596565 good
36 1.18373608589 2.32760000229 5.24495196342 0.603790998459 2.51038599014 0.523367881775 0.726676940918 0.40293097496 0.979913949966 0.788069009781 good
37 0.994856119156 0.526669979095 0.878864049911 0.783859014511 1.23186993599 0.43646979332 0.820152044296 3.59707307816 1.74176096916 1.57988595963 good
38 1.86785101891 1.41172480583 1.66438698769 1.08583903313 0.763529062271 0.455950975418 0.901086091995 2.34393382072 0.490808963776 0.686185836792 good
39 3.71790599823 0.952435016632 0.575860977173 2.08332395554 1.15091300011 0.598654985428 0.935996055603 2.01804804802 0.47909784317 2.51765322685 good
40 1.11069011688 0.630442142487 0.830446004868 0.982703208923 0.598639965057 0.746055841446 2.98341584206 1.0435230732 0.678234100342 0.643082141876 good
41 0.357088088989 1.4138109684 1.18920207024 1.54673194885 1.03373789787 1.09259104729 0.5447909832 2.75084209442 0.49307012558 0.682456970215 good
42 0.853533983231 0.608274936676 0.534301042557 0.541270971298 0.921054840088 2.1911239624 2.39856982231 0.708732128143 1.42445898056 0.594900846481 good
43 1.02262687683 1.19145298004 0.959090948105 1.11872506142 1.63739895821 1.49324178696 2.82169890404 2.38904500008 1.06030297279 2.10278701782 good
44 0.567511081696 0.669831991196 0.689991950989 0.734496831894 0.779157161713 0.604190826416 2.6742181778 0.91349196434 0.701653003693 1.79426884651 good
45 0.365657091141 0.516977787018 2.36040210724 0.782189846039 0.508903026581 1.44835209846 1.46843695641 0.311869859695 1.13109993935 0.904722929001 good
46 0.466304063797 0.342006921768 0.513157844543 0.748706817627 1.29293203354 1.04042410851 1.80506300926 1.09921002388 1.19674110413 0.966743946075 good
47 0.645266056061 0.695451974869 0.48212480545 1.59316205978 0.428372144699 0.507837057114 0.474518060684 0.593868970871 2.70252108574 1.73743414879 good
48 0.783979892731 0.995141983032 0.572983980179 1.90675091743 2.06215310097 4.1639277935 1.43936991692 1.16343307495 0.799309968948 1.41826105118 good
49 1.27703094482 1.95705294609 1.53841304779 1.75616788864 0.92727804184 0.551440000534 0.71658706665 2.01816797256 0.610419988632 0.546174049377 good
50 1.47175002098 0.691872119904 0.5959649086 2.60660600662 2.11847400665 1.47246193886 0.740485906601 0.561603069305 0.736543893814 0.853657007217 good
51 0.755435943604 0.840541124344 0.571430921555 0.653756856918 0.645174980164 0.508417844772 2.06708192825 0.826135873795 0.717763900757 0.749683141708 good
52 0.834846973419 0.432104110718 0.868991136551 0.546146869659 0.569167852402 0.91354393959 0.593487977982 0.605408906937 1.2841398716 1.02190303802 good
53 0.391770124435 0.524308919907 1.86569285393 1.36976981163 2.73510503769 0.820214986801 0.655699014664 0.412514209747 1.00270795822 1.15961194038 good
54 2.51563191414 1.14669418335 0.359961032867 0.529273986816 0.749670982361 1.60609316826 0.37490606308 0.791058063507 1.43734097481 3.90475106239 good
55 1.88931107521 1.05650997162 1.73663306236 0.386070966721 2.62238788605 0.806452989578 1.64573502541 1.01604580879 2.23723387718 0.448057174683 good
56 0.91531920433 1.27820301056 0.709692001343 1.71926498413 0.92102599144 1.14630103111 0.77423286438 0.420935153961 1.65502905846 0.945217847824 good
57 0.821531057358 1.71331810951 0.674832105637 0.596900939941 0.709752082825 1.36476707458 1.05564284325 0.812392950058 0.410238027573 0.439555883408 good
58 0.990262985229 1.81803703308 0.651554107666 1.19001698494 1.19624495506 0.423670768738 3.86362886429 0.586906909943 0.779494047165 1.74102091789 good
59 1.06085801125 3.21123313904 1.24565291405 1.41254997253 1.15242004395 0.450799942017 0.350419998169 0.60943198204 2.32530498505 0.556638002396 good
60 1.45975899696 0.668704032898 0.63428902626 0.893566846848 0.72466802597 1.23498296738 1.63652300835 1.94480109215 0.634683132172 1.71900987625 good
61 0.835433006287 1.18543601036 1.76846504211 2.50894188881 1.34463977814 0.852144002914 0.517091035843 1.39338493347 0.932456970215 0.896717071533 good
62 1.13513898849 1.16356992722 0.842413902283 1.63517403603 2.6136341095 1.23809909821 0.731100082397 1.09248995781 0.687622070312 0.830133914948 good
63 0.857953071594 1.69985198975 2.27096295357 1.11029100418 1.91436886787 0.365359067917 1.16827106476 1.55526900291 0.487814188004 2.8753361702 good
64 2.23238611221 0.954790115356 0.532391786575 1.95880508423 0.997434139252 1.37973999977 1.78243088722 2.06822681427 2.3231818676 2.92131996155 good
65 0.746817111969 0.645722150803 1.04946994781 0.838163852692 0.681952953339 0.686336994171 0.807002067566 2.11954689026 1.57313013077 0.367905855179 good
66 0.524655103683 0.591464996338 1.75580501556 1.50987792015 1.34898495674 1.23064398766 0.771779060364 0.63561797142 0.462747097015 0.834597110748 good
67 0.867000102997 0.724677085876 0.88344502449 0.681196928024 0.395925045013 0.606864929199 0.996953010559 0.828490018845 0.783537864685 0.738221883774 good
68 0.429628133774 2.04891180992 0.765502929688 1.03241610527 0.437682151794 1.62314796448 0.582764148712 2.19639205933 1.62009096146 0.858980894089 good
69 0.925744056702 3.90813493729 0.862771987915 1.37010908127 2.35771584511 0.718219041824 3.43425989151 0.765736103058 0.591829061508 0.734536886215 good
70 0.417854070663 2.28372716904 0.458446025848 1.16577196121 0.470793962479 0.768784046173 0.353455066681 1.74107909203 2.79682779312 0.320868968964 good
71 0.499500989914 1.32154297829 3.02197289467 0.555399894714 0.349054098129 0.703224897385 1.3206911087 1.0589261055 7.1985001564 1.15686798096 good
72 2.02956700325 0.326568126678 2.52100419998 0.658463001251 2.06677007675 1.1348490715 0.599617004395 1.35056018829 1.19789004326 0.97664809227 good
73 3.16371893883 0.523405075073 0.540050983429 1.31572318077 1.47630190849 1.62723207474 0.639671802521 2.32974791527 1.19206213951 1.73695898056 good
74 0.390677928925 1.74635004997 1.12727403641 0.473532915115 0.652474880219 0.993740081787 0.58104300499 0.900772094727 0.349892854691 1.20451116562 good
75 2.22609996796 0.477519989014 2.7781689167 0.559689044952 1.68711209297 0.969147205353 1.11226391792 1.17861390114 6.46723198891 2.04471111298 good
76 0.723879098892 0.963493108749 2.05668401718 2.95914816856 3.07799506187 3.61090612411 1.17116999626 0.478995084763 2.67346191406 0.585054159164 good
77 1.07603502274 0.620866060257 1.12461996078 0.94130897522 0.776034116745 1.80146503448 1.48616790771 0.596948862076 2.01809978485 0.513870954514 good
78 0.414735078812 5.55444407463 0.550734996796 2.27773499489 2.99067997932 0.865187883377 0.884823083878 1.61492300034 1.08616113663 1.01217103004 good
79 1.05070090294 1.55068182945 0.847208023071 1.20650100708 0.361315011978 0.485101938248 0.537432193756 1.38902306557 1.01196193695 0.475327014923 good
80 1.13135504723 1.37232398987 1.17185688019 0.377053976059 0.749181985855 1.01528286934 0.62633895874 0.332030057907 0.376734972 1.40509200096 good
81 1.4131731987 3.90071892738 1.3886039257 1.23994684219 0.700935125351 0.451195955276 1.22578787804 3.36313891411 0.560502052307 1.3294980526 good
82 0.66025686264 1.11626720428 0.812437772751 0.409515142441 0.88711309433 0.530828952789 1.90005517006 1.52274799347 0.679301023483 1.23665308952 good
83 2.19017410278 0.479947090149 1.55235290527 0.70255112648 0.47970700264 0.666040897369 0.727771997452 0.564697027206 3.64800810814 1.1075899601 good
84 2.10189795494 0.787495136261 0.553443908691 1.92657017708 1.81999588013 3.2270450592 2.77224898338 2.88715100288 3.35176301003 2.73629212379 good
85 0.538220882416 0.347754955292 0.519604921341 0.385554075241 0.930813074112 1.69072580338 0.544711112976 0.494875907898 0.946573972702 0.341352939606 good
86 3.57667517662 3.99748086929 0.304238080978 0.697401046753 0.715234041214 0.617485046387 1.25368499756 4.71366596222 0.414896965027 0.348195791245 good
87 1.10280609131 1.1186709404 0.498920202255 1.0413711071 0.680567026138 1.64923906326 1.51256108284 0.415900945663 2.55797195435 0.760838985443 good
88 1.06042098999 0.835468053818 0.655548095703 1.34403395653 2.10355496407 0.863946914673 1.07532000542 2.96345591545 0.519680023193 2.08862495422 good
89 0.642143011093 0.455765962601 1.36537003517 3.57569503784 0.863337039948 1.08808398247 0.483133077621 1.3026330471 2.61191105843 1.23189496994 good
90 1.00894784927 1.77185297012 0.402322053909 1.01625323296 0.5129301548 1.48464202881 1.40773105621 2.09242606163 0.680126905441 1.7818031311 good
91 1.77182507515 1.81466412544 0.702188968658 2.22402691841 1.44222903252 0.611126899719 0.363432884216 1.50730514526 1.33739280701 0.388044118881 good
92 0.841073036194 1.01034712791 0.747801065445 0.313559055328 1.64505004883 1.76284503937 1.44405889511 3.56918597221 0.485279083252 0.574798107147 good
93 0.41108584404 2.45389699936 0.836045980453 0.948837995529 1.1248421669 14.5429530144 3.19989204407 0.490277051926 1.75973105431 0.871631145477 good
94 0.620645046234 0.615705013275 0.885278940201 0.91116309166 0.475804805756 0.615921020508 1.5294380188 0.634492874146 5.45809817314 0.489833116531 good
95 2.46689319611 0.644513130188 0.613994121552 1.55359506607 1.08034801483 1.56728100777 0.461853981018 2.06737804413 0.67548418045 1.87209820747 good
96 0.897836208344 2.1167280674 0.565106153488 1.86930608749 0.632405042648 0.723072052002 2.47052812576 0.451859951019 2.37396407127 1.58949613571 good
97 1.96982908249 1.83518910408 1.21839404106 0.901489019394 1.53607416153 2.90103507042 1.22930693626 2.08943080902 0.811397075653 3.3422498703 good
98 2.33327198029 1.94564390182 3.19398999214 3.44458580017 0.720005989075 1.12705993652 2.10362195969 0.660234928131 2.25773787498 1.5042951107 good
99 1.68848609924 2.67064499855 1.81178188324 0.445769071579 2.58014917374 1.73314881325 1.6198489666 1.74269294739 0.542937994003 0.787916898727 good
100 0.787358045578 0.779390096664 0.580654859543 4.90027189255 0.415249109268 0.82231593132 1.78500390053 4.15221405029 0.996709108353 0.596219062805 good
101 0.897125005722 0.876309871674 0.740087985992 0.926162004471 1.23475790024 2.16138219833 1.68013906479 3.84303808212 0.577853918076 2.1234691143 good
102 3.70945501328 1.15928602219 4.32897186279 0.975823879242 0.868903875351 1.89073491096 0.824820041656 0.500920057297 0.67013001442 1.72374582291 good
103 1.33882117271 0.367838859558 0.368371009827 1.13267612457 0.434541940689 0.831804990768 0.859289884567 0.464788913727 0.676550149918 2.647605896 good
104 0.974735975266 1.85319209099 4.12115192413 1.29627895355 0.790698051453 1.14623904228 1.197067976 1.86816906929 4.52677488327 2.04216384888 good
105 0.4696829319 8.16046404839 0.629865884781 0.975874900818 2.26192998886 1.69512915611 0.853641986847 3.77020096779 0.638558864594 2.1863360405 good
106 60.9113211632 59.7286708355 60.1155469418 65.5405330658 60.7560329437 62.3857338428 61.0399711132 66.1906049252 64.6853511333 75.1346960068 good
107 1.5504450798 0.484856128693 0.880406141281 1.9083840847 1.7550098896 3.46865606308 1.51588010788 1.12533807755 3.10019803047 1.29870200157 good
108 0.42259812355 3.57390594482 0.757112979889 1.48929786682 0.716975927353 3.62686300278 3.35076093674 5.39579296112 0.724245786667 5.7639939785 good
109 2.83062505722 3.69918894768 3.35200190544 3.99184608459 22.9391341209 2.69857001305 2.77810406685 2.46597981453 2.3326280117 9.01977801323 good
110 4.49016785622 2.26259684563 2.41336798668 7.27693891525 0.493104934692 0.620151042938 2.12275099754 9.31558394432 1.47089910507 7.55235600471 good
111 0.981745958328 1.07985806465 0.672504901886 0.906543970108 0.982307195663 1.17991805077 0.74937915802 2.58689713478 1.16622591019 0.843375205994 good
112 3.50289797783 1.27295398712 1.13766813278 0.571366071701 10.1316459179 0.826819896698 2.00584483147 1.3314011097 0.879320144653 0.427403926849 good
113 0.747666835785 5.64868807793 4.38629007339 1.24911499023 0.545646905899 0.769012928009 0.582629919052 0.768702030182 2.14869809151 7.22509813309 good
114 0.971521854401 0.972128868103 1.00000119209 0.64858007431 3.33513116837 0.578333854675 2.86370491982 1.61855983734 0.47172498703 0.844873189926 good
115 3.057284832 3.53667187691 1.07784700394 0.447114944458 0.59943985939 3.92852711678 1.04105496407 1.23927807808 1.43192696571 1.01705121994 good
116 1.04162096977 0.862648010254 1.40371799469 3.28032398224 3.74613904953 0.847213983536 0.983286142349 1.59060096741 1.96938490868 2.34211611748 good
117 0.499036073685 1.24267792702 0.950350999832 0.710078001022 1.65438103676 0.67066693306 2.60931706429 1.32796907425 2.30261683464 1.69309520721 good
118 1.87930202484 0.989289999008 1.44700193405 1.02973508835 0.793839931488 0.632249832153 2.3626871109 4.37392497063 1.09629702568 0.678735017776 good
119 4.28226900101 3.19420385361 2.78377199173 3.5868370533 3.86377000809 3.12422895432 2.33191514015 2.73972177505 6.7311270237 2.90056109428 good
120 0.871642112732 0.679201841354 1.94376897812 1.61470508575 4.82003307343 0.325298070908 1.70247411728 0.826637029648 0.855994939804 2.59331297874 good
121 2.15593314171 1.84055399895 1.73168611526 0.959801912308 0.507457971573 4.85337305069 0.731004953384 1.50339794159 1.67061400414 0.883476018906 good
122 0.378993988037 3.29162812233 1.36427116394 2.23417305946 1.95704889297 0.775356054306 4.7596950531 0.891354084015 0.946262121201 1.2042529583 good
123 0.877466917038 0.488312005997 1.084679842 0.668452978134 0.870718002319 0.356405973434 3.59783101082 0.987075805664 1.77429008484 1.5182800293 good
124 0.802356004715 0.388736009598 0.876899957657 7.58295702934 3.10150194168 1.88490390778 0.997776985168 0.339568853378 0.284641027451 2.77297902107 good
125 1.06796193123 0.61362195015 4.0682489872 1.10909700394 1.5990228653 0.415748119354 1.25299811363 0.399110078812 1.20200514793 1.03028488159 good
126 0.729573011398 0.793349981308 1.23839902878 0.568770170212 3.48067593575 2.32300901413 0.496771097183 2.27614116669 0.510340929031 1.08610391617 good
127 0.94074010849 1.47096419334 1.07235097885 1.05034017563 0.810434103012 0.457454919815 2.46397304535 0.444540977478 1.01595902443 2.57572007179 good
128 0.670426130295 2.99954485893 1.13838505745 1.2890818119 1.68925404549 0.497434854507 0.646446943283 1.23216414452 0.614780902863 2.63310694695 good
129 1.16723299026 0.61634016037 0.461177825928 5.14736294746 1.11689090729 0.995764970779 0.814411878586 0.885999202728 1.38800883293 4.53178191185 good
130 4.90775609016 0.783030986786 0.737273931503 2.55485987663 1.053606987 1.91387701035 1.21543812752 3.02463507652 0.53214097023 1.72585606575 good
131 0.703948974609 2.46044611931 1.23646497726 3.59042096138 0.384940862656 0.824948072433 0.612079143524 1.42862296104 0.430031061172 4.57593417168 good
132 1.82841706276 0.714658975601 0.356056928635 0.316532850266 0.444380044937 1.17247986794 0.579673051834 0.84977221489 0.354480981827 2.1291718483 good
133 1.92419886589 1.16521501541 1.64788413048 0.721033096313 6.07569599152 0.780236005783 0.835187911987 0.663594961166 4.1581761837 0.833470821381 good
134 1.92142701149 0.816258907318 2.10669898987 3.03637099266 0.36830496788 0.305100917816 1.59544587135 2.88440108299 2.01940107346 1.93882513046 good
135 4.61266279221 0.668741941452 1.63840293884 0.584650039673 0.771694898605 0.464820146561 1.99567008018 0.847274065018 0.832145214081 2.46158099174 good
136 0.574621915817 0.72270989418 1.01323199272 0.925122022629 0.57374382019 0.48361492157 2.57648301125 0.797723054886 4.0908370018 0.75243806839 good
137 2.68681502342 0.440258026123 0.72389292717 0.87197804451 0.613924980164 0.409290075302 0.567998886108 4.3262629509 2.07496595383 0.991775989532 good
138 2.09471011162 0.704223871231 2.00151085854 4.4419400692 3.60528993607 3.04801511765 0.789755821228 1.1258559227 2.26897382736 0.768573045731 good
139 0.720099925995 0.932024002075 2.13264989853 0.379617929459 0.578699111938 1.57744503021 2.12857890129 0.828115940094 1.94130992889 0.810281991959 good
140 1.08555793762 1.98135614395 0.93409204483 0.369889974594 0.853012084961 0.481244802475 2.00299906731 3.946570158 1.80122900009 0.779074907303 good
141 2.40076994896 0.555902957916 2.02046513557 1.5763399601 1.15427494049 0.58592581749 0.536540031433 2.154722929 0.57644701004 1.17359304428 good
142 5.99978494644 1.05827784538 1.20134997368 1.7667529583 4.17735314369 0.656895160675 0.465143918991 2.15877890587 0.787623882294 1.01366710663 good
143 3.87258386612 1.76966094971 0.66982293129 0.773699998856 0.381635904312 4.77741479874 1.47042417526 1.81119394302 0.894351005554 2.91478586197 good
144 0.976508140564 3.77295422554 2.17155194283 1.44535589218 2.32186985016 5.73126101494 0.634418964386 0.650364160538 0.707837104797 1.88909101486 good
145 0.45547914505 2.28377795219 1.01775097847 7.57872509956 0.494664907455 0.781139850616 4.05151414871 2.11000800133 0.434772014618 2.52082490921 good
146 0.493595123291 0.50806593895 5.02861905098 2.42392897606 0.885578870773 0.871202945709 0.555810928345 1.12884712219 0.561029911041 0.809854984283 good
147 0.491246938705 0.791224002838 0.729397058487 2.66328907013 0.727131843567 1.07048392296 3.1398730278 2.04382395744 1.85246777534 1.04375100136 good
148 0.739947080612 0.352257013321 1.59237384796 4.73620891571 4.88948106766 5.09994506836 2.64411211014 0.891991138458 4.64276313782 0.577652215958 good
149 0.396370172501 2.44260287285 0.350481987 1.46713089943 0.678328037262 0.611705064774 0.70562005043 1.6741309166 4.56906104088 0.961533784866 good
150 1.03517198563 0.945307016373 1.26144599915 1.882791996 4.04504799843 1.77976894379 1.05156493187 0.732930183411 1.70152688026 0.588912963867 good
151 1.02931904793 5.82625508308 4.13907694817 3.39292192459 4.89896392822 0.409924030304 0.582875967026 1.03215193748 0.69576716423 0.479285955429 good
152 1.08722782135 0.614315032959 0.677093029022 4.69841694832 1.13152885437 1.87232017517 0.990936994553 0.572545051575 4.03642487526 1.03536105156 good
153 0.677227973938 2.57307696342 2.28397107124 2.03767180443 3.6044280529 2.41458010674 9.66519999504 1.09991192818 2.80426383018 0.622541904449 good
154 4.38293385506 1.09822797775 2.16840004921 2.47144198418 0.654440164566 0.873402833939 2.10486412048 4.17157196999 8.77827382088 2.78663396835 good
155 1.95636200905 0.802201986313 1.91703009605 1.41184711456 1.51483297348 0.386710166931 0.986580133438 0.621387958527 0.527587890625 2.57295107841 good
156 0.803606033325 1.03589701653 3.31477403641 0.815880060196 0.575240135193 0.964065074921 0.512684106827 5.5522840023 1.60087394714 0.665847063065 good
157 0.485982179642 2.20065999031 0.955340147018 2.04724097252 1.08361792564 0.766216993332 0.906826019287 0.940378904343 1.78501391411 2.28986501694 good
158 1.34975504875 1.58724808693 0.570644855499 1.30367708206 1.20470786095 3.15018701553 1.90953207016 0.742631912231 0.785634994507 3.14566087723 good
159 0.944293022156 0.93085694313 1.48677682877 0.679697036743 0.927972793579 3.28112506866 0.846791028976 0.610881090164 1.11879014969 1.55355882645 good
160 3.3417429924 1.28179216385 1.55802893639 9.80905818939 10.8612179756 3.13392806053 2.74486994743 2.04737401009 1.91118502617 0.42332983017 good
161 3.93198990822 4.27388596535 2.58805012703 2.63646101952 3.03489804268 6.49052619934 2.67471194267 3.70464682579 3.71677899361 3.45267605782 good
162 1.27763199806 0.417448997498 1.1392519474 0.615315914154 1.09417295456 0.635240077972 0.909162044525 0.535414934158 0.683132886887 3.09491991997 good
163 1.87915086746 8.49023890495 0.871070861816 3.42375993729 0.802732944489 1.19667196274 1.03144812584 5.03185105324 0.89789390564 1.09666395187 good
164 0.985146045685 0.549284934998 0.539413928986 1.61577796936 1.06741094589 0.934859991074 3.35406398773 0.505815982819 1.21394205093 0.901431798935 good
165 0.905977964401 0.370444774628 0.57835316658 5.87905597687 1.10661697388 3.92337608337 1.32690000534 0.63859796524 3.65225815773 1.0748090744 good
166 0.88716006279 5.98180508614 1.86001396179 1.11774396896 0.444777011871 2.25947499275 0.511982917786 1.50895905495 1.59043979645 0.389422178268 good
167 2.34084796906 0.603250026703 2.82576704025 0.420032978058 0.460110902786 2.8144390583 2.22449493408 1.88681197166 0.81788611412 1.20774316788 good
168 7.70369696617 1.88831281662 1.56635403633 0.621423959732 0.570860862732 2.73296499252 2.79107308388 0.982450008392 1.01397490501 0.65503692627 good
169 0.997879981995 0.826973199844 0.470438957214 1.73630094528 1.19807291031 2.06502914429 6.03131699562 3.97630000114 1.26852703094 6.92982316017 good
170 0.886969089508 1.41377305984 0.748553991318 1.45174694061 0.988658189774 5.60140514374 4.83059287071 2.21687602997 1.58127212524 1.9020190239 good
171 1.15800309181 1.06580281258 4.78892302513 1.35587096214 2.2897799015 0.863363027573 1.02757883072 1.45019292831 1.99820113182 1.20204997063 good
172 2.95696496964 2.57868814468 0.665819883347 1.99220585823 0.871454954147 3.75767803192 1.20447301865 0.336593151093 1.256939888 0.998876810074 good
173 1.51357293129 2.71299505234 2.4880490303 0.857054948807 5.05829501152 4.61903619766 5.92762684822 1.14202809334 1.45116090775 0.935688972473 good
174 0.482690811157 4.82969594002 0.73319196701 3.97719693184 0.976703882217 0.321256875992 2.73195195198 0.77108502388 0.849695920944 0.711111068726 good
175 0.34589600563 1.28305888176 2.2789349556 2.35468387604 3.06687283516 2.0412402153 0.854238033295 0.482074975967 2.03007292747 0.956012964249 good
176 1.94282197952 1.81886601448 1.22008013725 1.29283308983 0.825088024139 2.300522089 3.88856887817 17.2794189453 0.832622051239 2.93667912483 good
177 2.43505907059 3.43426299095 8.13424801826 0.838781118393 0.410554170609 3.94194602966 2.45133686066 1.93885803223 0.564782142639 3.53347921371 good
178 0.754421949387 1.25686311722 2.98561310768 1.44831299782 4.25483608246 0.488924026489 1.00919008255 0.770612001419 0.455551862717 0.387202978134 good
179 0.410316944122 0.734982967377 0.431119203568 2.75747799873 3.32777500153 2.84213900566 1.16103696823 0.468832015991 0.368772029877 2.13136100769 good
180 1.04728198051 0.588545084 0.59920501709 0.505717992783 2.75526309013 3.6575820446 2.53987216949 1.71272397041 2.17305517197 1.19851112366 good
181 0.488532066345 3.8024251461 1.87257289886 0.96111702919 1.12139105797 4.53270101547 2.44062995911 0.888031005859 2.00600814819 1.04009389877 good
182 1.98249483109 4.48586201668 0.598541975021 0.72726893425 0.99499297142 6.12003087997 1.47693514824 6.70872688293 1.9553809166 0.814381837845 good
183 0.660702943802 2.06173491478 2.16205096245 1.172935009 0.992254018784 0.483282089233 4.99669909477 3.77332019806 1.35773801804 0.844702005386 good
184 0.690937042236 1.01930093765 1.18767309189 3.14899206161 4.084897995 1.04443883896 37.8173530102 0.735422849655 1.88049483299 1.12370896339 good
185 2.89305496216 1.66086697578 3.76935505867 0.377825975418 0.673138141632 3.9319319725 2.69451093674 3.01920390129 0.794443845749 0.445192098618 good
186 3.01514792442 0.79442191124 1.96326994896 1.23639702797 3.61617994308 0.607909917831 0.416809082031 1.15440797806 0.48736000061 6.91379499435 good
187 0.665922880173 0.650027990341 0.509232997894 7.30344796181 0.455055952072 1.80093121529 1.06741189957 0.542546987534 0.546737194061 0.518649816513 good
188 0.510810136795 1.51394104958 0.517501115799 1.02600502968 2.9584851265 0.684877157211 4.21704602242 1.11026787758 2.6886138916 2.84126901627 good
189 1.20935082436 0.92826294899 1.08926582336 5.8039162159 0.644547939301 1.17245316505 3.37329292297 0.477771997452 0.740813970566 0.631587028503 good
190 0.763715028763 6.53628802299 0.59464097023 0.892920970917 0.955893993378 0.616826057434 0.50634098053 3.53573608398 0.3931620121 0.601768016815 good
191 1.26012587547 1.60998606682 1.12991285324 1.02033209801 0.885720014572 0.415577173233 3.28253006935 0.775759935379 0.416931867599 3.15872693062 good
192 1.12656998634 1.50282502174 4.34175920486 1.39547896385 4.25442385674 2.88008499146 4.51533484459 2.72586894035 1.48763608932 1.42871308327 good
193 1.30749297142 1.27929782867 0.661234140396 2.17376208305 0.89058804512 0.739167928696 0.502108097076 0.515529870987 0.923090934753 0.550316095352 good
194 1.45833086967 0.808037996292 0.899208068848 0.664170026779 1.07071399689 0.368422985077 0.735343933105 1.10176992416 0.727437019348 0.3914539814 good
195 0.459599971771 0.995145082474 1.13625907898 3.2633728981 1.48154187202 5.03041005135 1.91663408279 2.20158290863 1.98179197311 0.658874988556 good
196 3.73719882965 0.451834201813 8.19418478012 0.823758125305 4.4032561779 1.90330481529 0.973861932755 3.5467479229 0.998950004578 1.29512000084 good
197 2.3490319252 3.7738070488 0.956564903259 1.02874898911 0.430291891098 5.26112294197 0.703724145889 1.0267291069 6.0698299408 0.668659925461 good
198 0.960810184479 1.00891113281 0.733814001083 5.33879303932 3.63279008865 1.40970897675 2.27245211601 3.14246106148 0.503370046616 3.18822097778 good
199 5.01504206657 1.38314986229 1.28304696083 4.69425296783 0.778535842896 0.711988925934 2.05240797997 2.95669913292 12.1247501373 2.12833595276 good
200 3.93357610703 0.940928220749 2.64781188965 8.01810979843 2.01225399971 0.505923032761 0.479460000992 4.18227005005 3.25310993195 0.979405879974 good
201 2.72911405563 0.772639989853 0.977085113525 0.847062110901 1.42240595818 0.807728052139 3.22783994675 1.06555318832 2.44882321358 2.77686214447 good
202 0.801235198975 0.793685913086 2.3019220829 0.375892877579 0.722702980042 0.35843205452 8.49353408813 5.19711494446 1.26805901527 1.10015392303 good
203 1.83438396454 0.775043964386 0.369830131531 2.49551296234 4.39824080467 2.38846302032 2.81197810173 0.969394922256 0.809815168381 1.34269094467 good
204 3.95607805252 1.19717788696 0.453589916229 2.30415487289 1.48993301392 0.724246025085 1.06512284279 1.75303411484 1.81481003761 0.812523126602 good
205 0.389642000198 9.61135292053 1.99450397491 1.11155200005 5.31480383873 1.8440990448 0.621999979019 0.803207874298 2.40787220001 0.848994016647 good
206 4.11582183838 1.10140109062 1.05032801628 0.637831926346 1.69755792618 1.06291890144 1.39837908745 1.48422384262 2.36165118217 0.793878793716 good
207 1.96899104118 1.09164595604 24.9905159473 0.380280017853 3.49748492241 1.84376096725 1.19650292397 1.35092711449 0.576825141907 2.87406897545 good
208 1.99001502991 1.0469648838 2.03290390968 0.338562965393 1.24433612823 0.576759815216 4.02277302742 4.07323908806 6.328758955 0.595557928085 good
209 1.7019598484 0.890634059906 2.18193888664 0.743906021118 1.34818482399 0.595165967941 1.03361392021 4.50037813187 3.61950612068 5.6830060482 good
210 0.804482936859 0.420358896255 7.0819940567 2.08149003983 0.744657039642 2.14856505394 2.1826069355 1.60613703728 0.627803087234 5.95309901237 good
211 0.918608903885 0.55579996109 2.82931208611 0.828103065491 1.09195494652 1.33555793762 3.8518371582 1.23797678947 1.3182849884 0.456669092178 good
212 2.2142059803 3.16430902481 1.13565087318 3.44775414467 2.07566308975 7.45140099525 0.745697021484 2.45961499214 0.726506948471 0.729459047318 good
213 0.66787481308 0.655612945557 2.28336000443 0.983335018158 4.50052499771 0.807544946671 0.627974033356 2.99069285393 2.41564702988 0.963034152985 good
214 0.768491983414 1.10805797577 12.7875351906 0.451775074005 0.977861166 5.19501686096 2.16661906242 3.32326102257 0.765714168549 2.5187959671 good
215 3.29471802711 2.35989880562 3.93856406212 2.75357580185 3.66720890999 1.69745898247 0.758224964142 3.08537578583 0.764267921448 1.00319004059 good
216 4.25191092491 8.67080903053 3.96880292892 0.544430971146 2.87977194786 0.775848150253 0.597863912582 0.662793874741 0.367474079132 4.34073901176 good
217 4.69132304192 4.57912492752 0.616584062576 0.413057088852 1.18254089355 0.741483926773 1.66926121712 0.694958925247 0.924758911133 4.69491696358 good
218 3.30419492722 1.36702895164 1.29636693001 2.83200478554 0.462942838669 4.80649995804 0.379610061646 0.367349147797 1.04926109314 0.593905210495 good
219 1.25142908096 0.567859888077 7.24811911583 5.29478693008 13.7691931725 0.518307924271 7.35329890251 0.538302898407 4.58115196228 2.89514493942 good
220 2.86677312851 2.20159697533 5.25362896919 1.74744606018 0.729084968567 4.43805003166 1.07729697227 2.69638800621 12.712954998 5.23713994026 good
221 2.43046808243 0.353729963303 6.97136187553 4.41678905487 3.5197532177 0.549993991852 1.36697292328 2.12544107437 14.5909490585 0.764672040939 good
222 18.3108038902 2.41646909714 20.9148669243 6.39202284813 3.02076196671 19.2411401272 7.53765082359 27.2545239925 20.9928138256 5.11020803452 good
223 0.674274921417 0.594348907471 2.62322187424 0.494503974915 1.30755281448 1.45898008347 4.81168198586 0.588578939438 1.42412304878 0.531316995621 good
224 2.99928808212 2.67963194847 2.35026597977 2.86169099808 3.60426092148 0.638036966324 1.08346605301 3.42006897926 0.99946308136 3.13782978058 good
225 2.40734601021 6.80484986305 1.0171020031 1.48043179512 0.511816978455 3.26918888092 5.17552804947 8.30643296242 1.28894090652 4.99131512642 good
226 0.613551139832 1.26115322113 0.607367992401 1.11846709251 4.00692510605 1.12634301186 1.20464015007 0.974248170853 0.977247953415 5.13517999649 good
227 0.737663030624 3.96378684044 6.24816799164 1.37329387665 1.13016009331 0.87602686882 10.7362730503 1.22145390511 15.0187940598 1.71057677269 good
228 8.0907099247 0.615998029709 1.75734114647 0.918015956879 5.37610697746 7.57550787926 5.63755893707 0.907289981842 1.12438607216 0.426166057587 good
229 4.87341499329 8.28193116188 0.6244161129 0.447337150574 4.28789305687 0.865691900253 0.8919069767 2.65950679779 7.68596410751 7.1816470623 good
230 1.55177307129 5.02576303482 0.99794793129 9.81155395508 3.52158284187 1.25273180008 0.996282100677 1.39253497124 0.891566991806 1.48666810989 good
231 7.17977809906 1.83355998993 2.73188710213 3.62656211853 4.25398683548 1.94024991989 1.36636996269 1.65644598007 3.60824084282 5.1861538887 good
232 0.74640417099 1.2741651535 3.13113093376 0.783837080002 3.41790604591 1.12159013748 1.10004401207 1.03623700142 1.05915999413 3.13472890854 good
233 1.15669488907 2.86516213417 0.502056837082 0.933907032013 3.51015496254 0.922498941422 1.31575608253 1.05151891708 2.70461297035 1.68350982666 good
234 0.504486083984 0.48992395401 1.01500892639 5.16808199883 0.956486940384 6.4115691185 0.891014099121 0.682319879532 1.39720010757 0.774975061417 good
235 1.36795091629 0.444931030273 2.10022306442 2.45786380768 0.595143079758 0.66467499733 1.1749060154 1.36413002014 2.4422621727 2.83052110672 good
236 0.575049161911 5.51320195198 1.08403301239 0.96932387352 0.875427007675 1.24948501587 3.81984901428 1.27366280556 1.2381799221 3.99403309822 good
237 6.77357506752 0.548353910446 0.436573028564 0.946856975555 3.02027082443 0.620985031128 1.18054890633 1.53646206856 1.37948918343 1.03796100616 good
238 5.94829416275 4.66060996056 0.657706022263 5.37305021286 5.78721499443 0.753803014755 0.908169984818 3.23647618294 0.533993005753 0.805685997009 good
239 0.799371957779 0.922657012939 1.26996612549 1.43835306168 2.66240596771 0.553039073944 3.5233259201 0.646891117096 2.29508495331 1.11016798019 good
240 2.98564696312 0.698781013489 2.07509493828 6.57537198067 3.92449212074 2.6959939003 2.14012408257 2.29270005226 4.24443101883 0.54369187355 good
241 4.44821596146 0.908516168594 4.03420710564 0.507230997086 1.21580886841 0.397072792053 8.84076094627 2.30789685249 0.456012964249 3.68533205986 good
242 0.903548002243 0.873231172562 3.38043308258 2.92842507362 3.437251091 5.46499109268 0.544051885605 0.46238899231 1.12316989899 0.61499786377 good
243 2.24503517151 0.781807184219 0.585583925247 2.50559711456 1.07016611099 0.64524102211 1.9406619072 0.980926036835 0.754482030869 0.363052129745 good
244 0.661139965057 0.665909051895 3.96785521507 1.15383315086 1.60260486603 0.560073852539 9.68728113174 4.05154681206 0.946702003479 0.970051050186 good
245 1.15182995796 0.712115049362 2.17310810089 2.25192403793 1.09045815468 7.10854196548 3.91984701157 0.545435190201 5.58076906204 0.713356971741 good
246 0.45773100853 2.34092307091 0.839672088623 0.89901804924 0.604754924774 1.30344700813 0.337454080582 6.75836610794 4.94012784958 1.18498897552 good
247 1.18860602379 3.18105506897 3.43099093437 5.06706213951 5.21771597862 3.90057897568 1.66108202934 1.00680804253 0.885549068451 3.76884007454 good
248 1.30073189735 0.698272943497 0.934640169144 2.44400691986 2.44383883476 3.9819829464 1.67182397842 2.13358592987 2.61159586906 0.739423036575 good
249 0.78613781929 0.442052125931 1.97110390663 1.41248416901 5.07517910004 1.46781110764 2.7360868454 0.877516031265 2.7473320961 0.605595111847 good
250 0.891257047653 1.1413090229 1.26977515221 0.427974939346 1.17323803902 0.811030864716 10.5662999153 3.63067603111 3.15924906731 2.96395611763 good
251 0.851464033127 8.25040197372 6.33745503426 0.656272172928 1.25464606285 0.504509925842 1.10120892525 13.9946908951 7.45013809204 1.37564206123 good
252 1.4153740406 0.619880199432 1.2328119278 0.399677991867 0.680062055588 0.46764087677 2.31997394562 0.557163000107 0.907340049744 5.66094899178 good
253 4.17201685905 0.841927051544 2.59585094452 0.495887994766 0.544945001602 0.619101047516 0.72114109993 0.73422908783 0.72944188118 9.10411810875 good
254 0.610744953156 2.5538790226 0.937183141708 0.62255692482 0.809499979019 2.16124391556 1.0397799015 1.58010911942 9.31149506569 1.58541488647 good
255 0.461231946945 0.458812952042 1.35848402977 6.46355199814 0.509068965912 0.945098876953 1.50735783577 2.37777304649 3.03823399544 2.76505422592 good
256 0.932059049606 1.12473893166 0.684539079666 1.37347888947 1.03479003906 1.28061103821 2.93506193161 1.12070608139 0.38152217865 0.871755123138 good
257 0.712506055832 1.68263196945 11.2043669224 1.32009410858 2.53780508041 4.41706585884 1.4436609745 5.26828789711 1.07018303871 0.679192066193 good
258 0.400182962418 1.27682900429 0.797175168991 1.7376999855 2.54916906357 3.36762905121 1.53328418732 0.343465089798 0.752861022949 0.778020143509 good
259 0.420684099197 0.41970205307 0.540601015091 6.58302998543 0.477834224701 1.11143994331 3.2841398716 0.999004840851 0.402698040009 0.551652908325 good
260 1.14750313759 1.84501886368 10.6112771034 0.621073007584 1.50673699379 1.28045010567 12.5249819756 1.1681330204 4.45434403419 11.123139143 good
261 1.30627417564 2.20688986778 1.17264103889 8.6010351181 0.422184944153 7.17076587677 5.57407093048 1.27875494957 0.291517972946 1.59693408012 good
262 0.672639846802 0.509090900421 8.91148686409 1.6569108963 0.885381937027 4.83710002899 3.87277793884 0.789573907852 1.03557395935 8.58245992661 good
263 0.434195995331 6.3025701046 1.1391479969 0.843196153641 11.0928599834 0.757776975632 7.97800302505 2.31641101837 0.777117967606 1.17162418365 good
264 1.25047206879 0.498332023621 0.636986017227 0.767180919647 0.933140993118 0.73900604248 0.915989160538 6.65005302429 1.02702498436 4.72101688385 good
265 0.842910051346 5.61012601852 1.6997461319 5.39466094971 1.90691399574 3.27905392647 0.556732177734 0.602324008942 0.359947919846 1.93156695366 good
266 2.56213212013 9.96585893631 1.66293406487 1.52509784698 0.916699171066 0.591309070587 7.15901207924 6.98817491531 5.63588118553 0.52254486084 good
267 1.3102312088 0.655580043793 0.994524002075 0.672158002853 1.36759591103 0.852205038071 10.3314919472 0.542934894562 3.17795014381 6.71487402916 good
268 1.01320099831 5.50936508179 2.48048782349 0.454876899719 10.2108879089 0.948982954025 4.2719669342 1.13755083084 1.41287493706 2.37906599045 good
269 0.777546882629 0.938273906708 4.01175785065 0.931385993958 0.360931873322 1.13592815399 4.43529486656 1.21349406242 2.84765195847 1.0748000145 good
270 0.395324230194 1.01864910126 1.02807998657 0.964440107346 1.39167094231 6.24408388138 0.927208900452 0.84335398674 3.32814288139 0.352461099625 good
271 0.362458944321 5.97196006775 11.6296601295 1.03982996941 0.471211194992 6.39367580414 0.610512971878 5.01175999641 0.491751909256 0.960466146469 good
272 0.597051143646 0.865077018738 9.0444021225 9.20364308357 6.49332904816 0.464380025864 5.16492295265 1.86928415298 0.431776046753 5.38035392761 good
273 0.789953947067 1.79874610901 1.33928823471 0.80326294899 0.574117898941 0.624718904495 6.66586685181 0.912954092026 0.490386962891 0.989741802216 good
274 0.432662010193 1.00662016869 0.659502029419 2.98874306679 1.51120877266 11.8207581043 5.9260931015 0.487783908844 0.932121992111 1.01428413391 good
275 0.517060995102 2.19477581978 0.818603038788 2.00940513611 4.45614385605 0.538748025894 0.668097019196 9.98287582397 2.01579499245 1.02583599091 good
276 0.463885068893 2.88900709152 0.373872041702 0.363622903824 3.18019390106 5.74265599251 0.892762899399 5.1662299633 1.19719791412 1.07356095314 good
277 1.65733909607 2.80086088181 1.09576106071 0.791262865067 8.25784087181 0.467915058136 1.75107693672 0.46680188179 0.643441915512 0.480112075806 good
278 2.65496015549 5.83953595161 0.877665042877 0.548138856888 1.13257098198 1.14850187302 0.349313020706 0.677434921265 2.7190849781 1.06848907471 good
279 0.99848818779 0.931637048721 0.439322948456 0.63757109642 2.65252017975 1.18260097504 2.46039795876 2.6255531311 0.696296930313 8.25104212761 good
280 12.26075387 1.54770302773 6.5529050827 2.99096179008 2.88319611549 0.534811019897 7.53788995743 1.01252794266 19.9063529968 1.33553195 good
281 0.903287887573 0.570755958557 2.69758987427 6.36629891396 0.349185943604 0.491899013519 6.12283396721 0.547407150269 3.00624895096 0.504695177078 good
282 0.524538040161 0.519197940826 0.396672964096 0.353609800339 3.46880602837 0.460785150528 0.780451059341 2.63586616516 0.75691819191 5.33155584335 good
283 5.32121992111 2.03069710732 6.30647397041 12.0128791332 11.37972188 6.01538109779 0.733691930771 7.35304713249 2.37021589279 0.651875972748 good
284 1.83006906509 1.59400081635 0.687522888184 0.833266973495 0.861579179764 1.36281585693 6.98260402679 1.39534497261 4.5206990242 0.917317867279 good
285 0.986763000488 0.471337080002 1.13405704498 0.633569955826 0.60854101181 1.70064496994 0.712361097336 2.17795085907 0.990859985352 2.86776709557 good
286 2.59138321877 2.57676887512 0.454405069351 2.50963187218 2.06398081779 5.7516078949 0.422600984573 7.48629498482 1.68189287186 0.93147110939 good
287 5.81303811073 0.372976064682 1.24479317665 1.11447310448 12.303622961 0.79750084877 0.587767124176 1.19896793365 6.66790103912 2.71786999702 good
288 1.05011200905 0.510833024979 0.672772884369 0.505265951157 5.40997099876 3.21376395226 0.534269094467 0.771667957306 0.66760802269 3.61678695679 good
289 0.92787194252 2.88350987434 3.88323807716 1.18731784821 5.98132491112 8.38273501396 3.27523612976 9.11682295799 1.29325985909 0.784644126892 good
290 0.846307992935 1.49476504326 3.12881112099 0.74480509758 2.15707302094 0.746422052383 1.83714008331 4.60662102699 0.951920986176 15.5466799736 good
291 0.435757160187 0.709192037582 9.59952092171 0.745927095413 0.585613965988 0.502966880798 2.67440319061 2.51583480835 0.436239957809 0.49156498909 good
292 0.976830005646 0.857211828232 1.26730704308 1.41217207909 5.40341210365 1.05659198761 11.0201759338 2.35843801498 0.932692050934 1.92556405067 good
293 5.1935069561 6.32545518875 0.803954124451 6.3131248951 0.515559196472 2.78865599632 0.830343008041 6.56777405739 1.62145996094 0.709687948227 good
294 1.19738006592 7.30108094215 1.67793297768 1.63149785995 0.823401927948 0.65570807457 4.79442000389 1.021089077 3.99260807037 0.63593006134 good
295 0.500313997269 0.962233066559 1.19836187363 4.57503008842 0.985489845276 5.5618159771 1.75003695488 1.72958183289 8.26534295082 6.07333803177 good
296 1.16025900841 18.4501719475 3.91338396072 3.07383799553 0.711978912354 0.826214075089 2.23152303696 1.30508708954 1.43382787704 1.04682302475 good
297 11.5889120102 7.32342386246 1.21372103691 1.87482595444 3.0082719326 6.21987009048 1.64585614204 2.24555492401 8.55172801018 8.89849710464 good
298 1.08462405205 0.481927871704 0.405060052872 1.34178709984 2.01012992859 0.396918058395 0.936832904816 2.63067603111 3.02773094177 5.46615505219 good
299 0.665799856186 4.45061182976 1.1520550251 8.16342687607 7.27062416077 0.447799921036 0.822772026062 0.379199028015 8.48889398575 0.833472013474 good
300 0.618336200714 0.527477025986 0.966150045395 0.465955018997 0.378857851028 17.3525900841 0.969442129135 5.28485798836 0.420768022537 0.424721956253 good
301 0.418970108032 1.04043507576 1.37697792053 2.39232110977 0.940108060837 0.361306905746 0.546015977859 6.50828719139 0.959418058395 2.76196694374 good
302 4.49526596069 0.532224178314 0.497246026993 2.09101700783 9.80569696426 10.4531958103 9.10071492195 0.777565956116 6.096752882 0.457113981247 good
303 0.526596069336 2.47931313515 0.886697053909 2.79394197464 0.863689899445 1.06519579887 1.14356398582 0.495031118393 1.19563388824 2.90475511551 good
304 5.9900829792 11.2424449921 8.51725006104 1.05675911903 1.1483271122 0.506341934204 0.444391012192 11.2563319206 1.07595610619 6.23479294777 good
305 1.16003084183 14.3236849308 0.685950994492 5.23830223083 8.50824594498 5.88040304184 0.639045953751 0.574800014496 1.67710494995 0.398362874985 good
306 2.79945206642 1.0098259449 2.02048707008 1.19596791267 9.1300330162 1.00540781021 1.74026608467 0.439508914948 11.3306131363 0.572293996811 good
307 0.915361166 2.29111099243 1.51335096359 0.645733118057 9.9916229248 1.00643396378 5.39409804344 15.8476769924 0.568592071533 2.37447094917 good
308 0.659591197968 1.88555312157 5.58826112747 0.622163057327 0.959391117096 12.2063691616 1.73820185661 3.86449694633 8.51165294647 1.46063399315 good
309 0.552154064178 0.690721035004 0.915002822876 2.27774906158 1.00466418266 2.37965512276 8.58008909225 6.23551392555 2.08511185646 1.02312088013 good
310 0.985946178436 3.40831708908 3.06270098686 0.551117181778 10.8606319427 1.27094101906 12.6078820229 5.53973007202 5.18794703484 1.81689119339 good
311 0.819514989853 3.06597709656 2.50659894943 2.70544290543 0.726330041885 1.1892080307 1.81004786491 7.7584631443 0.796812057495 6.69777798653 good
312 1.92813897133 0.797422885895 0.396941900253 1.4138739109 1.02506303787 1.8579761982 1.72235512733 0.440968036652 8.40148687363 1.67989110947 good
313 1.04162597656 1.20291185379 4.06053900719 17.0775690079 0.772431850433 3.80876111984 1.07146906853 0.569465875626 0.709086894989 4.7769138813 good
314 15.0049650669 1.8359670639 0.624405860901 6.49343490601 2.33890199661 0.542194843292 5.60774922371 1.08649301529 11.2843101025 0.626533985138 good
315 1.34286999702 1.07675886154 0.600805997849 0.815274953842 0.684806108475 0.350524902344 0.941497087479 3.30617618561 0.750303030014 2.11766695976 good
316 7.57996320724 1.09663510323 0.6382188797 6019.9171989 1.0675599575 2.57072997093 6.87627482414 6.28475785255 3.98257994652 2.71548295021 good
317 1.03390693665 2.58352684975 0.694144010544 0.888616085052 1.44619703293 6.76873612404 0.514662027359 1.87661385536 2.24714183807 0.834958791733 good
318 10.6319289207 1.18128204346 0.953771114349 0.775230884552 1.56861996651 0.700274944305 0.503928899765 0.55536198616 1.5334918499 1.06528306007 good
319 2.51367211342 4.08157920837 2.30645704269 1.0640630722 0.439543008804 1.98665308952 1.0121948719 1.29510998726 1.12919211388 1.00509595871 good
320 8.84673500061 18.6264519691 3.3070499897 1.01100611687 10.8991129398 5.00378608704 0.460470914841 7.94816112518 11.0118410587 0.814797878265 good
321 0.554076910019 0.742701053619 5.1293129921 21.5051531792 0.519157886505 3.26061606407 0.761770009995 5.33159899712 1.4366080761 3.17513203621 good
322  bad
323 0.451182842255 8.39790606499 6.94334483147 7.75360703468 1.19506907463 3.19002604485 0.663151025772 3.45720791817 0.614107131958 10.7089018822 good
324 8.6374578476 6.32404088974 8.18170213699 13.102380991 6.02085494995 0.704138994217 0.97455906868 1.27257704735 1.09234595299 0.706619977951 good
325 6.30500483513 1.73555088043 0.549387216568 0.931970119476 0.45238494873 1.4825489521 1.12714982033 1.47820687294 2.30266809464 4.5658891201 good
326 2.18142414093 0.420342922211 10.7380988598 0.445994138718 8.83287096024 6.94133090973 4.93515896797 17.7504429817 0.522874832153 1.05580496788 good
327 3.25446200371 2.99152302742 0.909071922302 6.300593853 0.848017930984 0.913530826569 20.3480839729 2.08293581009 1.67333507538 0.829054117203 good
328 0.892592191696 2.09479594231 0.442816019058 9.17880511284 3.13410902023 16.8816809654 0.487589120865 5.37690901756 0.915083169937 3.90127682686 good
329 2.02654886246 1.23823904991 0.669450044632 1.85156297684 1.65151500702 1.80120301247 1.46254086494 1.6908531189 0.39683008194 1.85306191444 good
330 2.80298995972 5.72545003891 2.21916913986 1.35592293739 12.3823788166 1.71801018715 1.56575894356 0.589136123657 4.55348920822 0.81845498085 good
331 1.69344520569 0.978142023087 3.53946518898 0.95686006546 3.0361020565 0.833646059036 10.1846349239 1.40139603615 1.0382900238 0.824397087097 good
332 11.3867251873 0.876183986664 0.723626852036 16.1251089573 2.40746212006 1.08270597458 8.41765213013 2.33384895325 0.692234039307 4.24309706688 good
333 0.606935024261 2.58823513985 1.00276088715 1.42567801476 0.568368911743 2.15042114258 0.888393878937 1.74602389336 2.84911108017 1.75101089478 good
334 9.95506691933 1.07642602921 11.2073359489 3.37162303925 1.12396597862 1.26186680794 4.05134892464 0.924731016159 8.75854611397 3.74251890182 good
335 14.6829080582 0.979739189148 2.87100195885 2.95319414139 0.84183216095 1.73494887352 3.57154893875 0.694487094879 1.19281506538 5.30960583687 good
336 0.561727046967 2.02799987793 0.419565916061 12.8581261635 0.62797999382 0.986261844635 0.741051912308 4.58012294769 2.11991000175 4.32021403313 good
337 7.76026797295 9.20724916458 1.00866413116 9.29108786583 12.6742320061 1.47357106209 11.1929709911 0.892987012863 1.49740505219 3.03517603874 good
338 0.397006988525 0.377237081528 2.41386508942 0.993209838867 1.03137493134 1.00898003578 9.31849694252 0.586846828461 3.57607412338 5.11383390427 good
339 0.389628171921 1.1625289917 11.9763870239 9.75338602066 1.01350402832 0.691797971725 1.08854699135 3.41079902649 0.799838066101 1.62011194229 good
340 16.8645679951 2.22271895409 1.16568899155 6.63684415817 14.7603378296 5.52208614349 0.505995035172 1.52331495285 0.510491132736 1.86811804771 good
341 0.802359104156 1.05852293968 3.7157189846 4.61162900925 3.95489406586 8.69866704941 1.0421128273 0.486577987671 3.42580389977 1.62060308456 good
342 66.2257201672 0.952081918716 1.17585611343 1.20470404625 1.40519499779 0.488149881363 18.9021279812 0.952862024307 0.528489112854 0.388060808182 good
343 2.9176170826 0.564493179321 0.682669878006 0.78431391716 9.56829595566 1.07301592827 0.604269981384 1.15422296524 1.26117897034 3.53692507744 good
344 1.85169100761 72.8810958862 0.533694982529 0.368052959442 0.439216852188 3.80740809441 13.1018660069 0.41820192337 8.05651307106 5.1223051548 good
345 1.51825809479 3.18422603607 2.34881711006 3.5283370018 1.4606859684 0.415537834167 2.34893107414 1.14267396927 3.43896102905 0.520911931992 good
346 10.4232409 8.63187003136 6.26302695274 1.23212099075 4.63829612732 3.44188404083 16.4804890156 4.47886991501 4.61150598526 1.27040410042 good
347 21.0202829838 3.02217698097 13.6169230938 3.72783398628 3.27959418297 5.5588889122 3.39115905762 17.6915488243 3.01368999481 0.396174192429 good
348 3.16066408157 4.52806782722 1.82617998123 0.928442955017 0.545006036758 4.81772494316 1.01382899284 0.622796058655 0.52633690834 7.48280310631 good
349 0.435652017593 1.72557711601 1.87478899956 16.5347287655 0.897635936737 5.74134111404 2.02116990089 2.31929397583 1.02117800713 0.906118869781 good
350 1.6446750164 1.11187791824 1.04288887978 2.77695703506 1.0371530056 7.40476489067 3.42900395393 1.53551101685 8.7351629734 4.72092914581 good
351 1.6299238205 5.96161198616 0.639135122299 0.391736984253 0.500035047531 2.10419297218 0.734136104584 6.77884912491 3.47199702263 17.2158470154 good
352 0.900311946869 5.06625294685 2.11163592339 0.567528009415 2.58057498932 1.00003790855 4.35540795326 9.28220295906 8.87673592567 3.46541714668 good
353 0.493182897568 0.805480957031 0.630178928375 0.685883998871 13.2640349865 2.58687400818 1.0446639061 1.2179210186 0.905468940735 1.0752158165 good
354 0.521362066269 11.0965738297 4.26769399643 4.79174900055 0.785321950912 11.589329958 20.9295580387 0.652559995651 0.993505954742 0.975053071976 good
355 1.32590699196 1.16778492928 4.2361600399 7.22994208336 4.23077201843 0.552370071411 1.18295407295 1.14881682396 0.385575056076 0.849040031433 good
356 3.67000889778 7.50125288963 0.540731191635 0.83548617363 0.4135658741 1.07398891449 1.77918505669 0.717787027359 4.92762494087 0.643089056015 good
357 0.916140079498 1.40594291687 1.06560587883 2.2363550663 0.516144990921 4.19345998764 0.702929973602 0.557060003281 0.992874860764 11.9238090515 good
358 0.757464885712 10.9862120152 3.9469101429 2.08777189255 0.792768001556 0.553004980087 14.4270601273 0.849462985992 2.60396099091 9.55785703659 good
359 1.98117899895 0.574030160904 8.1700630188 0.863267183304 1.3242058754 3.33266401291 25.8321139812 0.43445110321 0.893429040909 0.695075035095 good
360 0.89856004715 9.59598088264 4.75284695625 0.830931901932 18.8235211372 4.9737598896 1.8579018116 0.405838012695 6.95781588554 4.77332091331 good
361 0.788075208664 0.445567131042 0.94969701767 8.0999879837 0.809989929199 3.00533008575 2.66884088516 13.3219919205 0.755012989044 0.82745885849 good
362 8.50582790375 1.41861891747 3.64568805695 3.4781370163 4.93278598785 14.9116199017 4.60490202904 4.65958881378 1.58085918427 4.96557116508 good
363 1.28413200378 1.36057710648 1.05688691139 6.48641300201 2.79014492035 0.709628105164 9.72362399101 14.7296140194 1.01116609573 3.76072096825 good
364 1.13171601295 0.691519975662 1.75055289268 0.976561069489 1.19245100021 1.26214909554 6.64947295189 8.59043216705 0.98103094101 2.31066322327 good
365 11.1742379665 4.46169495583 2.80849194527 8.84222316742 3.70575690269 2.02964901924 1.88631606102 1.30818200111 3.45477700233 1.71509003639 good
366 3.50869297981 1.08388900757 0.95175909996 0.607803106308 2.18684482574 1.03775882721 6.07713389397 7.95846390724 1.11033391953 8.87996292114 good
367 1.06571912766 1.19427704811 1.99323105812 1.23342204094 4.62457299232 6.66605710983 1.14576506615 2.11979913712 3.81226110458 3.61658000946 good
368 0.447735786438 15.3150119781 0.578669071198 0.428651094437 2.10889792442 3.20160698891 1.17081785202 1.88768696785 0.506524801254 3.49121689796 good
369 1.36837887764 0.388839006424 7.90724682808 4.2878370285 0.741523981094 1.10488319397 9.80719304085 0.915894985199 0.989296913147 0.69419002533 good
370 5.63277292252 0.394629955292 1.03945708275 3.26420593262 14.2941820621 0.950369119644 25.725041151 12.9605529308 1.70291686058 0.532661914825 good
371 6.43897008896 0.922960042953 0.525429010391 7.56599903107 2.68961906433 2.76739382744 8.04288291931 8.47750496864 9.73427987099 1.29195690155 good
372 9.95742988586 0.714560031891 7.04734516144 5.5632147789 0.829642057419 11.0568211079 3.49941086769 3.13651108742 9.59442591667 3.22374200821 good
373 5.59537792206 1.29210019112 1.23413181305 0.589381933212 0.992178916931 3.35811805725 9.36699318886 1.23620295525 1.23013091087 14.3056089878 good
374 18.3092508316 2.01484513283 0.613639116287 1.5407409668 13.0944001675 0.386790990829 3.23561692238 1.28702807426 2.6324532032 4.7131690979 good
375 0.465745925903 0.43914604187 0.880691051483 0.694291114807 8.70457696915 0.819518089294 16.2346849442 1.03314208984 0.387663841248 0.39736199379 good
376 0.816540956497 0.932789802551 0.729462862015 2.92042207718 1.317456007 3.8428208828 1.23673796654 1.70080399513 0.763025999069 21.5156319141 good
377 18.4835000038 11.8534340858 1.05531692505 5.67579293251 18.8554549217 0.989907026291 0.973392963409 5.16086316109 1.03090310097 3.30317616463 good
378 0.83140206337 1.07173800468 12.8851678371 3.56734991074 7.17636299133 0.723906993866 6.51897001266 7.63677883148 3.26142096519 0.614401102066 good
379 0.956638813019 2.24598693848 1.42382597923 0.816285133362 0.503660917282 0.583756923676 6.23753380775 0.451133012772 0.652445077896 1.39619779587 good
380 0.348443031311 5.29903507233 0.975911140442 5.57123994827 5.18533921242 1.29566311836 10.3626630306 6.85686206818 1.30388903618 0.462313890457 good
381 1.15328812599 1.20896697044 6.87736487389 0.547294855118 2.32228803635 1.11087393761 0.845574855804 1.60684895515 0.559725999832 5.95075798035 good
382 1.11444878578 1.27426099777 0.608514070511 1.1375439167 0.728232145309 0.96756696701 0.423534154892 20.9896070957 1.04779291153 14.6360199451 good
383 4.76546287537 1.86275482178 1.22368597984 1.34129285812 0.458467006683 4.54823613167 6.22660279274 5.47870016098 0.544620037079 1.08345794678 good
384 7.36131000519 4.68241286278 8.33342385292 2.49556112289 10.5053198338 1.99313592911 6.80636191368 8.56337499619 1.3677148819 1.4649848938 good
385 14.1688430309 12.9477570057 1.32928490639 11.3715229034 5.90114688873 1.06650018692 7.15713691711 5.32277011871 19.151873827 3.64313197136 good
386 39.9472250938 1.13523411751 0.897227048874 0.530591964722 7.32892298698 1.56724715233 3.05296397209 0.65270614624 2.42508792877 3.25306105614 good
387 1.35048604012 9.45264410973 1.32466697693 3.42903995514 15.9479839802 14.8894269466 0.775813102722 3.50473117828 1.07163596153 0.664752006531 good
388 0.461375951767 3.58563494682 0.524594068527 22.9216141701 3.55241990089 10.9517049789 0.775923967361 0.605619192123 1.34810709953 8.45899796486 good
389 1.35864496231 1.57510495186 3.70409798622 0.619287967682 1.2380759716 2.64144182205 0.492376089096 2.60755991936 0.817845821381 1.31386995316 good
390 3.77817106247 1.69750499725 0.984891176224 4.48313498497 0.952229976654 0.840621948242 0.370154857635 2.3987019062 4.34729099274 14.4772410393 good
391 3.98724102974 5.02945184708 0.7431640625 0.812142848969 0.766556024551 6.9747710228 8.88812208176 0.856282949448 0.341632127762 1.09834098816 good
392 1.38529586792 5.33573007584 1.07535982132 5.53485202789 1.45000004768 12.8859941959 28.3984508514 3.72333502769 0.982753992081 0.571382045746 good
393 0.878700971603 1.39004206657 6.42373299599 7.98138284683 2.63610005379 11.7933709621 1.20712804794 3.55611395836 5.49232697487 0.886626958847 good
394 21.732252121 0.901614189148 9.0650908947 3.02154111862 19.7455120087 1.57732510567 4.30894684792 1.16434383392 0.792726993561 2.26857089996 good
395 1.60466194153 4.48953795433 1.35321092606 23.2122280598 1.51731586456 0.882833957672 0.520287036896 1.30621695518 7.16445612907 0.499283075333 good
396 0.4000248909 9.1274740696 0.53720498085 0.648305892944 5.12973308563 0.660075902939 0.831937074661 0.607610940933 6.19535803795 0.388794898987 good
397 1.08509206772 9.2296872139 1.18911099434 2.96013998985 0.923108816147 4.07650089264 7.76968502998 0.817916154861 0.559802055359 5.30265808105 good
398 4.99500203133 4.68062615395 21.4639139175 5.35400104523 5.77022600174 0.508895874023 1.64672708511 7.43151712418 1.21073317528 0.425961971283 good
399 5.68300008774 3.83863115311 9.42847299576 0.485633850098 1.83134412766 0.99626994133 22.240967989 1.2153840065 0.518792152405 0.908150196075 good
400 1.14577698708 0.957534074783 17.3314788342 0.518138170242 16.9166579247 0.605261087418 20.4565989971 0.512611865997 16.2296559811 27.7257649899 good
401 1.04507780075 7.75390100479 3.14789485931 0.552367925644 11.4957790375 4.60336995125 0.888817071915 6.26115489006 3.00331997871 1.0759871006 good
402 0.621155023575 0.825559139252 0.513688087463 1.33800005913 1.69310998917 2.10359811783 0.762376070023 0.71456193924 3.52199816704 1.16040992737 good
403 2.48309397697 0.447215795517 1.95941996574 39.3564348221 2.19355297089 1.11413502693 0.445396900177 7.11868190765 0.472083091736 4.23954796791 good
404 0.373730182648 1.03055500984 1.13426709175 3.00303506851 0.411642074585 0.49508690834 7.72855710983 15.6657278538 4.33928394318 2.32426309586 good
405 5.25163698196 10.5919518471 1.51880502701 9.69010782242 9.21538901329 0.558920145035 1.6468231678 1.02264714241 8.7558619976 7.67220115662 good
406 0.388175010681 9.45337104797 1.95106101036 2.49204087257 6.20434498787 0.90771317482 0.39618396759 4.80407094955 1.88357782364 6.15404701233 good
407 3.18061900139 3.69957518578 0.494759082794 0.950186014175 7.71886086464 3.37664794922 8.33507704735 0.763434886932 0.467376947403 2.18057703972 good
408 5.37039589882 8.38175988197 4.27547287941 3.22012090683 0.482717990875 1.62847709656 1.05430316925 9.96934890747 4.27919602394 25.625936985 good
409 0.464797973633 0.525018930435 8.94532608986 14.326376915 11.3981130123 0.583114862442 1.17558097839 9.91505098343 10.9436318874 8.12256979942 good
410 1.90914797783 1.15967297554 1.11164808273 1.15246009827 5.96897721291 1.37404990196 2.37630701065 5.32617497444 0.377268075943 22.8594021797 good
411 11.9709129333 3.98949480057 1.83385396004 11.7448849678 1.02465510368 2.38059306145 51.8440759182 12.6736550331 1.01177597046 1.02044987679 good
412 2.83685922623 6.20843195915 6.534979105 12.6317269802 2.13468909264 0.559664011002 0.944413900375 0.444041013718 0.870614051819 0.716635942459 good
413 0.452639102936 8.22728991508 5.33486199379 0.725306034088 1.97387695312 1.14283704758 9.64122390747 8.22905802727 2.74548697472 5.32113194466 good
414 2.24288392067 0.642895936966 6.75216579437 8.13165903091 11.3829600811 1.06276893616 1.03358721733 0.99770116806 6.44272613525 8.03811097145 good
415 0.924605846405 4.57138705254 4.94171595573 10.5512609482 11.9252049923 0.383741140366 16.7001371384 4.96400880814 2.01398801804 12.3261101246 good
416 22.9452428818 1.21913290024 14.2833139896 0.883136987686 0.762600183487 2.36917591095 6.31031489372 10.2741360664 5.43637108803 7.35238599777 good
417 0.495977163315 0.78561091423 19.6243009567 0.734880924225 3.89633393288 0.902580022812 8.77033805847 1.22829890251 9.30723309517 1.02432084084 good
418 0.489151000977 5.58477592468 20.7627100945 2.06608700752 0.646717071533 4.64187288284 3.47706699371 1.75096511841 5.6289730072 3.60795211792 good
419 2.47023510933 1.63635611534 1.10089898109 1.24956703186 1.28800702095 17.5040738583 1.84751105309 5.05554318428 1.62635993958 1.45568680763 good
420 2.32097887993 15.3132970333 0.793057918549 0.403008937836 21.5300760269 0.439749002457 2.1612238884 0.396409988403 1.80628609657 0.481954813004 good
421 3.06469988823 29.3945121765 5.66937208176 2.97610211372 0.737493991852 0.668943881989 0.840482234955 6.70552110672 2.17541790009 0.370671033859 good
422 0.364474058151 0.841706037521 3.4457950592 5.57485699654 0.466414928436 0.921905994415 10.9621169567 1.45871710777 0.618800163269 7.71393918991 good
423 12.0099771023 0.717092037201 7.20230388641 0.892613887787 4.15617513657 1.16920995712 1.4303560257 1.73772597313 2.8071000576 1.50507998466 good
424 2.36309504509 0.848424196243 4.67842698097 2.50252914429 8.90738010406 1.82383799553 0.858168125153 5.45473599434 4.50552105904 1.20382809639 good
425 458.491420984 444.074173927 464.774316072 0.8643450737 0.532413959503 456.574389935 458.625117064 469.567039013 565.61391592 461.280094862 good
426 20.2913310528 0.67720913887 2.87430596352 28.0690159798 17.8555819988 4.43487501144 1.49586486816 3.98731708527 0.811206102371 2.2417640686 good
427 9.87617492676 0.550276994705 1.14897298813 0.320817947388 0.584095001221 2.41389203072 0.552006959915 2.33260607719 1.16595315933 8.24221992493 good
428 0.565665960312 1.19003009796 4.71925902367 0.732424974442 1.07655000687 4.16028904915 1.55682086945 2.02815318108 1.30719208717 6.1830470562 good
429 1.00504493713 1.32518815994 15.6839458942 1.10225915909 17.9003818035 0.64275598526 7.7825729847 1.56306505203 1.11936402321 23.1698720455 good
430 0.874258995056 1.7109310627 12.3200371265 0.359026908875 12.3814411163 3.31883716583 0.374871969223 1.44765400887 0.472072124481 13.0729649067 good
431 0.597308158875 7.63275814056 0.518147945404 0.847311019897 7.49185085297 1.26522088051 0.974196195602 1.2656109333 3.90665578842 0.712630033493 good
432 8.98761892319 1.41631293297 1.0034558773 0.513203859329 0.91329908371 1.38073611259 0.398928165436 2.38607192039 5.79084706306 4.75616192818 good
433 17.235106945 25.2363638878 1.25853204727 2.09818792343 19.9577820301 2.15945386887 2.15371894836 14.1386790276 10.4255011082 6.76251101494 good
434 0.61151599884 1.02944803238 0.653403043747 2.29312109947 2.21988010406 1.21242690086 1.30609107018 13.7745699883 1.25987887383 1.46406412125 good
435 3.62295603752 11.6102969646 0.615934848785 27.490664959 29.4937019348 1.40906906128 0.776081085205 0.888238191605 0.560403108597 4.69164800644 good
436 13.259552002 1.04483389854 4.82920408249 6.67761993408 0.834811925888 6.89606785774 7.15959000587 0.594892024994 9.4381608963 1.28986406326 good
437 0.601698160172 3.56404495239 5.7741458416 0.890870094299 1.37994980812 5.60683608055 0.459662914276 1.35351896286 0.762363910675 1.14161396027 good
438 1.57860207558 6.05073308945 9.00435495377 5.41930103302 0.541277170181 1.22186183929 0.97757601738 10.887267828 0.677819013596 1.37607192993 good
439 6.68969702721 16.5971720219 1.19725394249 3.300096035 1.13275408745 1.44356799126 4.17008900642 1.00812602043 0.59908413887 1.21332001686 good
440 0.68065404892 2.45852184296 0.837331056595 1.35127902031 3.90310716629 0.636425971985 10.8593490124 0.446509838104 2.9153239727 3.04624295235 good
441 2.45760512352 3.95177507401 1.71617889404 6.86958694458 0.94039106369 21.2910890579 10.3434019089 0.362594127655 7.91574597359 0.915678977966 good
442 1.31019091606 1.58396911621 0.854474782944 0.895117044449 5.2559030056 3.40192914009 0.491912841797 8.72513198853 1.42612195015 0.343775987625 good
443 2.44607305527 13.9616508484 0.643911123276 1.00617313385 2.2319560051 1.2807559967 15.2661688328 3.44440293312 0.96411895752 9.28173089027 good
444 2.84975790977 0.813083171844 2.64322113991 1.06318116188 1.19899296761 2.67839384079 20.8596301079 4.11526012421 29.8942990303 0.506732940674 good
445 0.818937063217 0.410924911499 5.18600296974 0.868606090546 8.04345488548 0.546697854996 2.14550900459 2.6062951088 4.93743491173 9.87876391411 good
446 2.04388999939 2.097219944 2.3307390213 1.19793796539 1.01470208168 1.02255916595 0.48775601387 4.415102005 1.19152092934 2.3359079361 good
447 1.2818710804 0.929811000824 0.930632829666 0.68315410614 3.27238297462 0.872321844101 4.55201101303 3.51525616646 0.933319091797 4.98649406433 good
448 2.1426050663 2.0493619442 5.32839584351 1.24907803535 3.35055494308 3.01662898064 0.724196910858 0.62031006813 0.562824964523 1.95897817612 good
449 2.39276790619 1.22705507278 1.06465101242 0.909440040588 1.02674007416 1.5211930275 12.1223628521 24.6358628273 0.666584014893 0.688963890076 good
450 0.411323070526 1.75163817406 14.7495689392 0.705659866333 0.850060939789 5.80947685242 10.6497278214 1.83131122589 2.5900850296 1.24594187737 good
451 11.8500330448 2.84695506096 41.0901689529 0.464500904083 8.80261993408 23.1429982185 0.603621959686 0.585863113403 1.30510091782 1.03195095062 good
452 19.7328789234 1.07398295403 1.15237092972 1.26522397995 1.09388995171 4.45317983627 1.46148610115 5.99026107788 17.0862400532 19.9550850391 good
453 1.63106703758 12.5161559582 4.88723301888 1.10011506081 3.11868691444 2.13626980782 6.25315690041 2.72551202774 1.45813894272 21.5479989052 good
454 27.4114518166 35.6830978394 2.18084597588 0.57564496994 1.07604694366 15.1898181438 1.02883410454 1.34235620499 0.979258060455 1.40185499191 good
455 11.0779509544 1.39204382896 1.42624497414 17.1531090736 27.027862072 16.6607170105 0.811993837357 31.9525690079 25.9400341511 6.33952283859 good
456 1.33919000626 4.03634405136 0.980439901352 6.6792678833 0.9766061306 57.3308830261 0.623844861984 18.6240179539 17.487634182 1.14223504066 good
457 7.30318188667 1.51341295242 2.14590191841 3.34228110313 0.677171945572 0.457520961761 0.606280088425 0.516143083572 1.66188693047 1.0583691597 good
458 23.6295921803 18.4493310452 7.08739995956 1.45582294464 9.49569201469 0.873752117157 2.67098402977 17.5388998985 0.713117837906 1.04182195663 good
459 0.700823068619 1.16412782669 1.05201101303 1.92692399025 3.15792107582 108.363286972 1.21194982529 16.208591938 1.93832612038 0.843272924423 good
460 0.931833982468 17.3848478794 2.96185803413 2.02485394478 1.05548095703 0.854751110077 0.726633071899 0.885273218155 0.696002006531 17.444617033 good
461 1.06035900116 9.90380311012 0.519846916199 9.7597990036 26.6859688759 2.45055890083 0.834259033203 0.614035129547 0.518983840942 0.583376169205 good
462 1.67810106277 8.36417913437 2.77024912834 1.38555908203 0.854902982712 18.4257128239 1.1442220211 3.01262807846 0.92317199707 0.939880132675 good
463 0.712687015533 0.426263093948 0.955630064011 0.96157002449 0.457247972488 3.67809915543 2.19893312454 7.0538020134 8.69266986847 11.4708001614 good
464 2.5578250885 21.8593039513 1.44855999947 2.78584694862 21.0047478676 1.49247193336 0.984575986862 3.59538292885 2.36784720421 4.218323946 good
465 0.501069068909 4.020195961 6.32084608078 6.2614710331 1.13040280342 1.1014521122 1.34640407562 11.4747409821 14.6202130318 7.09796285629 good
466 0.737323999405 21.7097899914 0.654093027115 0.69962477684 21.81722188 7.67675614357 5.34520101547 22.0837490559 2.36163210869 0.935992002487 good
467 7.60750889778 1.31347990036 15.9332220554 19.4346249104 0.718127012253 1.68987894058 1.01714301109 1.17413520813 1.4155459404 0.514538049698 good
468 2.0885579586 0.736659049988 4.62250494957 1.51901102066 0.521056175232 1.13930892944 0.687660932541 4.6839928627 8.71747803688 0.427327156067 good
469 5.0441339016 0.543947935104 0.70671415329 0.964656829834 0.569880962372 0.839907884598 1.79423809052 0.567625045776 1.61313700676 1.54541492462 good
470 0.981904983521 1.05625891685 0.499357938766 22.1327250004 8.61046910286 1.29975485802 9.6014521122 13.8075408936 1.42029500008 5.16877603531 good
471 6.57930898666 1.21894693375 14.4530339241 0.40909409523 5.68155288696 1.11695814133 2.3881881237 10.8757550716 0.873901128769 11.4403281212 good
472 1.1532330513 0.485079050064 7.15662789345 1.56527018547 3.47820806503 1.88578891754 0.744212865829 0.558989048004 18.8097970486 1.52893090248 good
473 0.525300979614 2.54460310936 18.2752220631 10.0600640774 2.29869699478 0.514842033386 4.97237205505 16.0074179173 1.31882095337 1.61499881744 good
474 2.41945290565 15.7020938396 2.93449902534 1.00867795944 3.48914003372 13.6777849197 0.668035030365 0.839221000671 0.643992900848 0.636823892593 good
475 0.80779504776 10.8220920563 25.858975172 0.632552862167 14.4441268444 2.40047597885 0.82775592804 0.868793964386 1.20562195778 4.45516300201 good
476 1.21487402916 1.15944695473 0.821249008179 32.5311498642 0.536780118942 22.2300078869 1.26969599724 1.0301129818 1.22501087189 9.67106604576 good
477 0.839106798172 35.8003759384 0.771478891373 7.62013602257 0.840579986572 0.582235813141 0.392236948013 9.16143321991 0.804418802261 5.11631798744 good
478 4.50159406662 10.9321091175 11.180606842 0.391669988632 2.2768471241 4.63148117065 0.395730018616 6.8631529808 4.80841302872 3.71483492851 good
479 0.762677192688 1.54474782944 12.4376718998 0.438541889191 0.54092001915 13.7116029263 4.42758178711 0.979667901993 0.773224115372 1.95009493828 good
480 29.1143419743 1.27971601486 3.63486003876 9.19857692719 0.584207057953 1.91001701355 0.842355966568 11.3606889248 0.731482982635 0.839648008347 good
481 8.53656792641 3.27575802803 8.5694258213 1.07007789612 4.60524892807 0.519116163254 0.540774106979 0.595337152481 13.6704559326 1.63263702393 good
482 2.35743904114 0.347316026688 2.79458284378 10.6531682014 0.737560987473 7.8985979557 27.9713289738 0.461168050766 0.703804016113 2.55328798294 good
483 0.520817041397 0.796818971634 0.440636873245 0.855458021164 8.75486803055 0.510618209839 1.17925620079 12.4101798534 0.445988178253 0.972445011139 good
484 17.5271258354 3.41485095024 3.05651688576 37.0286200047 2.57574295998 3.681016922 3.52117109299 2.46362614632 16.1292409897 3.10041999817 good
485 0.430442810059 8.31061792374 0.388985872269 2.60268306732 6.81903982162 2.35152602196 54.452922821 25.8339591026 1.61441516876 11.1841499805 good
486 3.31440496445 3.44965314865 3.178139925 5.21039700508 21.418307066 3.82360005379 13.6781189442 5.94399905205 5.74488210678 2.30504703522 good
487 2.71991682053 0.635700941086 2.79763507843 1.53915405273 0.940041065216 1.14385986328 4.66706490517 0.650853872299 1.08809113503 1.01810693741 good
488 0.99200797081 0.582113027573 1.12566399574 0.825731039047 0.836164951324 2.80855298042 3.09752106667 0.930715799332 10.8394560814 8.58319115639 good
489 7.27243304253 7.62920403481 4.15257096291 1.0411028862 2.21825909615 6.3067419529 0.575965166092 10.5315749645 0.941108942032 8.35490608215 good
490 2.14521098137 0.965185880661 1.43764305115 1.30339479446 1.31449913979 1.29005599022 0.713268995285 2.82860684395 16.316313982 0.596926927567 good
491 0.513339042664 0.894701004028 11.3566470146 0.704684019089 1.7978079319 3.99376988411 21.0520839691 9.55085802078 30.7842390537 4.34698104858 good
492 0.719895839691 1.15211892128 0.448487043381 17.5454118252 3.15850996971 5.70623421669 2.09757900238 3.86971998215 0.595492124557 14.0146949291 good
493 14.005147934 0.715893030167 0.960355997086 0.528946876526 1.44134616852 0.991909980774 0.826606988907 1.06178402901 7.03853201866 2.06892609596 good
494 18.9835560322 0.824063062668 0.854547977448 0.900642871857 9.70989513397 0.726855993271 0.87922501564 0.550738096237 1.09179210663 0.914922952652 good
495 0.834687948227 1.05988693237 19.7448029518 0.51294708252 0.840397119522 2.59766387939 4.72370100021 1.0208799839 25.1225450039 3.51139688492 good
496 0.46489906311 1.03702282906 14.3426320553 1.0822429657 0.964549064636 0.933394908905 7.02718400955 0.469680070877 0.926949977875 34.2790489197 good
497 0.757339954376 0.901943922043 0.437139987946 1.29708790779 13.1535630226 0.565194129944 1.49518895149 1.09441494942 7.84858584404 0.687731027603 good
498 0.654531955719 4.10922408104 10.7174420357 10.9223959446 0.956801891327 35.6277449131 10.476279974 0.368448019028 0.924196004868 0.572420120239 good
499 4.7084031105 0.688987970352 2.52264308929 1.15414190292 2.48480296135 0.456134080887 8.12783503532 1.47174715996 0.70294213295 12.4007861614 good
500 1.72421002388 0.668891906738 14.8221800327 1.13285207748 43.4660100937 26.7188379765 0.880281925201 0.369772911072 37.3187530041 2.61997699738 good
501 9.22330999374 0.819267988205 18.2292392254 20.5874550343 0.620452880859 1.59394216537 4.01251482964 1.07439184189 20.794519186 0.949401855469 good
502 0.590841054916 1.14402103424 2.39961099625 1.79783606529 1.65752196312 1.07496500015 1.07768416405 0.951687097549 1.46850204468 0.74414896965 good
503 0.976602077484 25.8075749874 25.2350912094 24.8207371235 23.8333668709 23.1422259808 1.06856107712 14.9113249779 0.553232908249 0.421184778214 good
504 3.29277014732 35.3913500309 1.73656201363 1.21956205368 5.09605002403 3.3166179657 55.2643828392 13.6661629677 1.59926581383 1.40310406685 good
505 3.3167181015 0.973670005798 6.59302616119 0.858164787292 0.940161943436 10.5435340405 1.46758389473 1.12450218201 2.11185503006 4.94838905334 good
506 0.577882051468 0.762296199799 2.05222582817 1.09907507896 7.50569796562 1.49378705025 0.3377161026 0.96001791954 2.29728293419 0.536223173141 good
