1 0.310962915421 0.674561023712 0.342941045761 0.336091041565 0.289530992508 0.736120939255 0.636206150055 0.540709018707 0.34122300148 0.276338100433 good
2 0.537814855576 0.687054872513 0.424545049667 0.290199995041 0.374151945114 0.352685928345 0.483631134033 0.699147939682 0.837826013565 0.761914014816 good
3 0.74835896492 0.916010141373 0.95135307312 0.79719209671 0.376313924789 0.62190413475 1.00641393661 0.757057905197 0.749730110168 1.90870594978 good
4 0.476881027222 0.589365005493 0.967471122742 1.17361211777 1.04887604713 0.546543121338 1.19133710861 0.43479514122 1.27838611603 0.603867053986 good
5 0.444820165634 1.00527405739 0.592905044556 0.784451007843 1.48314595222 0.474081993103 0.522083997726 1.0743598938 0.470404863358 1.27538108826 good
6 1.12570309639 1.68029689789 1.10607194901 1.94340014458 1.42771410942 0.877180099487 0.454499006271 1.3139500618 1.50273990631 0.994379043579 good
7 0.583398103714 0.793479919434 0.372256994247 0.365968942642 0.816717147827 1.65881991386 1.75367498398 0.326373815536 0.71426320076 0.663244962692 good
8 1.82762789726 1.05362510681 0.43928694725 0.670940160751 0.644963979721 0.857286930084 0.611736059189 1.7272400856 0.667822122574 0.765858888626 good
9 0.621159076691 1.18646788597 0.935180902481 0.868098974228 1.41394782066 0.439417123795 1.63859009743 0.602849006653 1.12884497643 0.950616121292 good
10 0.64600110054 0.945461034775 1.25653004646 0.787118911743 1.93868613243 0.942546129227 0.608230113983 0.608319997787 1.09758090973 0.658514022827 good
11 0.877994060516 0.715124845505 0.421094894409 0.445545911789 0.982519865036 0.502514123917 0.449367046356 0.792570829391 0.391846895218 0.437330961227 good
12 0.808813095093 0.393001079559 1.72913312912 0.971160888672 0.566880226135 0.966511011124 0.766442060471 1.12290000916 0.839663028717 0.75620007515 good
13 0.61278295517 0.817018985748 0.718789815903 1.18226194382 0.881268978119 0.804160118103 0.631876945496 0.92770409584 1.69982886314 1.564702034 good
14 0.917527198792 1.1178560257 0.985424041748 1.0195710659 1.32155513763 0.830793142319 1.48387598991 2.75741696358 0.961457014084 1.09868407249 good
15 0.452501058578 0.803812980652 1.25469207764 0.929791927338 0.418164968491 0.976485013962 0.737288951874 0.945333003998 1.05164599419 0.418418884277 good
16 0.848264932632 0.462166070938 0.490528106689 0.952806949615 0.960602998734 1.13866305351 0.445591926575 0.830631017685 1.33986401558 0.602164983749 good
17 1.02764105797 0.547451019287 0.479511976242 0.965043067932 0.765330076218 0.472568035126 1.23041200638 1.10071802139 0.857134103775 0.66201877594 good
18 2.00609588623 0.608424901962 0.459180116653 0.596503019333 2.05214691162 1.66209506989 0.459876060486 0.628097057343 0.924171924591 0.492274045944 good
19 1.40734791756 1.06784200668 0.640678167343 0.59827208519 0.49299788475 0.506350040436 1.85138297081 0.890664100647 1.4258980751 0.679111003876 good
20 1.14726305008 1.01124286652 0.736051082611 0.492613077164 1.45005297661 1.04136991501 1.07823586464 1.02815818787 2.61424016953 1.27971410751 good
21 0.474556922913 2.43974494934 1.37154388428 0.412112951279 1.36727595329 0.471545934677 0.872586965561 1.9725420475 0.48349404335 0.810858011246 good
22 1.60566592216 0.621479034424 0.316487789154 0.49676990509 0.857903003693 0.758675098419 0.98171710968 0.847338914871 0.550490140915 0.432247877121 good
23 0.864138126373 1.18005204201 0.585062026978 1.04569101334 2.8453578949 1.21881699562 0.485699892044 0.5532579422 1.07164692879 0.571833133698 good
24 0.869078874588 0.458723068237 1.13091802597 1.0692858696 0.732639074326 0.589263916016 1.29179501534 0.547489881516 0.790655851364 0.669274091721 good
25 1.03920698166 1.05172204971 1.10868096352 0.667261838913 0.732508897781 1.06925392151 0.948181867599 0.954018115997 0.835715055466 1.73704981804 good
26 1.57857704163 0.79513001442 0.917504072189 1.04047489166 0.546507120132 1.19495105743 0.845205783844 1.51412796974 1.62766885757 1.0059940815 good
27 0.54218006134 2.48963189125 0.465711116791 1.60340094566 2.74185490608 0.51632809639 0.736563920975 2.03253984451 0.539838790894 2.37623310089 good
28 1.85580515862 0.805548906326 0.601754903793 0.885946989059 1.12144613266 0.390429973602 0.554291963577 0.727451086044 1.04584598541 0.626334905624 good
29 1.81592416763 1.43397307396 0.917509078979 0.734141111374 1.20467495918 1.1496360302 2.11436200142 1.92349696159 0.676476955414 0.856048822403 good
30 1.02171516418 0.868367910385 0.814447879791 0.788588047028 1.30494189262 0.535065889359 0.833535194397 1.12970805168 1.55895400047 0.40444278717 good
31 0.496711969376 0.73443198204 5.26611399651 0.4487221241 0.624851942062 0.862553834915 1.33284687996 0.542979001999 1.75405097008 0.894237041473 good
32 0.617381095886 1.76933002472 2.02624702454 1.0148639679 0.51876616478 2.0708360672 0.755099058151 0.322906970978 1.6735188961 0.936641931534 good
33 1.27121210098 0.511241197586 0.452832221985 0.565536975861 1.65251612663 1.28398013115 1.10477805138 0.497072935104 1.2567448616 0.883536815643 good
34 0.843507051468 1.05967998505 0.958320140839 0.349745035172 0.792047977448 0.355862140656 0.372187852859 0.765914916992 0.523854017258 1.14470386505 good
35 1.095277071 1.21093583107 0.952091932297 0.890889167786 0.964444875717 0.582335948944 1.01596999168 0.670859098434 1.05643415451 0.93462896347 good
36 0.549993991852 0.647154092789 0.655200004578 0.497220993042 0.874414205551 0.97215294838 0.440455913544 2.49198794365 2.23023104668 0.734513044357 good
37 2.26609110832 0.935043811798 2.41064095497 0.781424999237 0.939464092255 1.14214897156 2.503428936 0.73007106781 0.59311413765 0.813955068588 good
38 0.997516870499 1.09149384499 2.11735987663 0.601313114166 0.874732971191 2.01613283157 0.941483020782 1.37024903297 1.840321064 123.464194059 good
39 0.607287168503 0.757928133011 1.243694067 1.27694797516 0.457942008972 1.95765304565 2.09471893311 1.73833799362 0.839460849762 0.461786985397 good
40 0.327299833298 0.527674913406 2.4782409668 1.23426914215 0.566802978516 0.491935968399 1.67149996758 1.77457094193 3.10424304008 0.527694225311 good
41 1.21777009964 0.371700048447 1.74143099785 1.46358299255 0.86643409729 1.81755900383 0.434664964676 0.959233045578 0.96372795105 0.743988037109 good
42 0.577083110809 0.448390960693 0.439227104187 0.599408149719 0.82830119133 0.480391979218 1.36862516403 0.59524512291 1.23534393311 0.964305877686 good
43 0.550922870636 3.25257515907 0.496351003647 1.2319829464 0.660660982132 1.35837316513 0.628175973892 3.00676298141 2.15997004509 0.974949121475 good
44 1.01853585243 0.835048913956 2.04480290413 0.489876031876 0.514255046844 1.08352613449 0.592535018921 0.644887924194 1.91843795776 0.697579860687 good
45 0.872040987015 1.20894098282 1.34306097031 1.8406419754 1.23449802399 0.771425008774 0.428168058395 0.495931863785 0.562722206116 1.87217092514 good
46 0.942070007324 0.459736824036 0.58110499382 0.411210775375 0.914593935013 2.48334479332 1.13503503799 0.551785945892 0.804990053177 1.06927895546 good
47 2.97179102898 2.27624678612 0.440099000931 1.7891740799 1.22546410561 0.481059074402 0.315395832062 0.842931985855 0.87704706192 2.74077987671 good
48 0.939427852631 1.69031596184 0.982002019882 1.46878409386 1.59567403793 1.01014709473 1.47618794441 0.811485052109 0.986769914627 0.567286014557 good
49 0.815006017685 0.559955835342 0.536499023438 1.21054005623 1.06671190262 0.93173289299 1.43491911888 0.541764974594 0.525516986847 2.07009887695 good
50 0.602341175079 0.793578863144 1.65035414696 0.747807979584 0.539836883545 0.616801977158 1.04703998566 0.563185930252 1.10113191605 0.542186975479 good
51 0.700155973434 1.10255503654 0.542413949966 1.02650809288 0.892905950546 0.858510971069 1.81794905663 0.918096065521 0.695906877518 0.852845907211 good
52 0.706689119339 2.23392415047 1.56385803223 0.45836019516 0.882645130157 0.661807060242 0.521510124207 1.19816398621 0.704652070999 1.11111903191 good
53 0.6312251091 0.831012010574 0.549061059952 1.32189893723 0.663795948029 0.659095048904 0.826308965683 5.54681706429 0.370105981827 1.13460206985 good
54 0.500040054321 2.27037191391 1.08250498772 1.35381293297 0.649733066559 0.538738965988 1.98752117157 1.5125849247 0.383574008942 1.04233789444 good
55 1.99152302742 1.23111104965 0.772228002548 1.57182908058 3.20745015144 2.01486086845 1.04882502556 1.81260514259 1.00411105156 0.60390496254 good
56 1.09866380692 2.42653107643 1.11648082733 1.90700292587 0.760702848434 4.21366691589 0.52765417099 0.387167930603 0.503844976425 1.02316808701 good
57 0.654191970825 0.653122901917 0.593152046204 0.633805990219 0.856557130814 1.80693602562 0.443331003189 1.42773199081 0.759001016617 1.9838449955 good
58 0.85449886322 2.20926594734 1.05454516411 0.954127788544 0.432595968246 1.3548719883 1.1793320179 1.88728785515 1.19489216805 2.24205899239 good
59 0.626945018768 3.11792087555 1.23761200905 0.739329099655 0.62279176712 0.580470085144 1.13163304329 0.517749071121 0.853780031204 1.26136398315 good
60 1.42843985558 1.60247397423 1.10447382927 0.782688856125 0.611304998398 1.39608597755 1.02187514305 0.405716896057 0.355324983597 0.848353147507 good
61 1.93679499626 0.592092990875 1.09830403328 3.12178492546 1.53757190704 2.24047899246 0.682939052582 0.424804210663 0.955469846725 1.23515415192 good
62 3.73751997948 0.584640026093 1.23174786568 0.616708040237 0.820268154144 1.24725389481 1.67621397972 1.20493912697 0.819152116776 0.804996967316 good
63 0.440583944321 1.33039307594 2.17813611031 0.430902004242 0.87912106514 0.864902973175 0.784822940826 2.39792299271 0.402749061584 0.867048978806 good
64 0.358155012131 0.509557008743 0.859312057495 0.911405086517 0.888496875763 0.827172994614 2.41073298454 1.09254789352 1.5331838131 1.42409610748 good
65 0.535274982452 1.26617693901 0.328108072281 1.14072179794 0.994426965714 0.424471855164 0.586078166962 0.670356988907 0.844394207001 0.872026920319 good
66 0.379305839539 1.50165390968 1.0582048893 2.27847981453 2.1256301403 1.95283007622 1.65283298492 1.558822155 1.26344394684 0.623438835144 good
67 2.90538692474 0.644156217575 0.399991035461 4.1590089798 2.21276903152 1.24554800987 1.56209492683 0.436783075333 0.973931074142 0.822468996048 good
68 0.644152164459 3.18764710426 0.744709968567 0.352563858032 1.04539418221 0.620567798615 1.12994790077 0.708853960037 1.11077904701 1.07550597191 good
69 1.23074412346 0.345309972763 0.90442609787 1.01385498047 0.706568002701 1.11133098602 1.63917207718 0.408528089523 0.482424974442 0.460125207901 good
70 1.7109670639 0.986080884933 0.708667039871 2.16030287743 0.937167882919 1.04782295227 3.67860412598 0.604397058487 0.713489055634 1.13010597229 good
71 2.11298012733 0.608859062195 0.755582094193 0.457842826843 0.538911104202 0.732368946075 2.94401907921 1.16616678238 2.26662898064 1.50419187546 good
72 2.49673604965 1.25767397881 1.90637612343 2.04581904411 1.60649108887 0.620084047318 1.4650349617 0.817971944809 0.36955499649 0.496935844421 good
73 3.01135206223 0.491776943207 0.754734039307 0.684248924255 0.452707052231 1.01891708374 0.415107965469 0.729594230652 1.2374060154 0.366400003433 good
74 0.442093849182 0.927520990372 0.393669128418 2.38937878609 1.81588315964 0.275916814804 0.631074905396 1.7269179821 0.973904132843 1.05976581573 good
75 2.28357601166 0.948554992676 1.5556948185 2.04870891571 1.5617108345 3.12299704552 1.25501990318 1.97410583496 1.23220705986 0.54950594902 good
76 0.80654501915 0.762700080872 1.3593621254 0.332401990891 0.600883960724 0.463346004486 11.577422142 0.476320028305 0.780612945557 0.960680007935 good
77 0.687186956406 1.17938399315 1.74741697311 0.942831993103 0.923061132431 2.73403215408 0.827882051468 0.957561969757 0.877830982208 1.23219299316 good
78 2.31481099129 0.991904973984 0.378941059113 0.348398923874 0.632340908051 0.631361961365 1.00639104843 1.8241648674 0.424236059189 2.10644698143 good
79 4.24589014053 0.624731063843 0.46285700798 3.18637800217 0.732509851456 2.84354281425 1.11170387268 0.96897482872 2.65706682205 1.25775384903 good
80 3.1396420002 0.726132154465 1.1577000618 1.1143758297 2.19009399414 0.867846012115 0.520810842514 0.706037044525 0.739056110382 0.437490940094 good
81 2.44516205788 0.783330202103 1.54069209099 0.757406949997 1.12121915817 0.817139148712 1.53993797302 1.13388800621 1.60734081268 0.448399066925 good
82 1.01113796234 0.630005121231 3.28948807716 1.79868602753 0.769621133804 1.50693082809 5.8746509552 2.05766701698 0.797030925751 2.23487997055 good
83 0.863752841949 1.08871102333 1.74871897697 0.870080947876 0.764515161514 0.428805828094 2.17789888382 0.565227031708 0.512335777283 4.34229898453 good
84 3.79103899002 1.08447694778 1.20272397995 1.19013500214 1.09124684334 2.00627088547 2.68210196495 1.74364995956 2.45750188828 0.527829170227 good
85 6.02187609673 0.298174142838 0.796697854996 3.2285399437 0.366354942322 0.454578876495 0.344326019287 3.22916293144 1.66595888138 1.02132487297 good
86 0.740749120712 1.10563898087 3.93860292435 0.820984125137 1.2707760334 1.22562217712 0.669220924377 0.733264923096 0.826368093491 0.586138010025 good
87 0.694944143295 1.77543497086 0.755691051483 0.74732708931 1.80964803696 3.12459897995 2.1084690094 0.575861930847 5.33548402786 2.340487957 good
88 1.41926693916 2.97854399681 1.06516504288 1.83856105804 1.1877989769 0.93160700798 0.959662914276 0.95331788063 0.52331495285 1.21385502815 good
89 0.332831144333 0.497040987015 2.07942295074 0.884782075882 1.32895684242 0.47664308548 1.71013092995 0.683505058289 1.67935919762 2.12336087227 good
90 3.95191192627 0.525116205215 1.24613595009 0.617204189301 4.92863106728 2.7955520153 1.24728512764 0.565848112106 0.567076921463 1.9430232048 good
91 1.7272028923 0.475781917572 1.51267695427 1.38987088203 1.86538100243 0.891436100006 0.613611936569 0.398806095123 0.849118232727 0.888555049896 good
92 0.697276830673 2.48772406578 0.375557899475 3.83125686646 0.581197977066 0.338096857071 0.525749921799 1.36380815506 0.504011869431 0.600790023804 good
93 0.987295150757 0.711833000183 0.524276971817 0.386318922043 0.328008890152 2.80607795715 2.2423658371 0.904104948044 1.78279304504 0.861824035645 good
94 2.15489506721 0.965255022049 2.12548804283 2.53723096848 0.732659101486 0.497302055359 0.430209159851 2.86490511894 1.79029893875 0.52655005455 good
95 2.29047107697 3.04285693169 0.785274982452 0.706744909286 3.41918206215 4.37099409103 0.939849853516 2.19684696198 2.90726494789 1.12385797501 good
96 2.15702700615 2.48647999763 0.622433900833 3.6276948452 1.07101392746 1.06111884117 1.47706198692 0.953994989395 0.53962802887 0.405729055405 good
97 2.56533312798 1.95215010643 0.605224847794 3.59793305397 0.517584085464 0.793328046799 0.985455989838 1.00408101082 0.47017288208 7.71831011772 good
98 0.951859951019 0.386449813843 0.722946166992 0.768087863922 0.639441013336 0.803943157196 1.00933098793 0.325631856918 0.899945020676 0.521708965302 good
99 3.43804621696 2.00303697586 0.723010063171 0.413599014282 0.93049788475 1.43856692314 0.305160045624 2.9649310112 1.08007907867 0.605739831924 good
100 1.22234916687 0.804212808609 0.721682071686 1.97212100029 0.668898820877 3.6956038475 2.57082915306 1.34344100952 1.18947720528 1.51377701759 good
101 1.81106090546 4.71550416946 0.6173350811 0.774333000183 1.00502991676 3.05356383324 1.69115900993 2.98443818092 0.771393060684 0.83069896698 good
102 0.89314699173 0.637205123901 2.48072195053 1.80174803734 1.97665405273 0.918552160263 1.40663099289 4.00224995613 0.999966144562 0.478177070618 good
103 0.899880170822 1.09203505516 3.59489703178 0.934319972992 0.646265029907 0.459665060043 3.96558308601 0.349821090698 0.592602014542 0.333963871002 good
104 1.97289204597 1.05132102966 1.33828306198 2.03637480736 0.532340049744 0.47815489769 0.851401090622 1.22752690315 4.25971698761 0.568655014038 good
105 0.49453997612 1.37085103989 0.441301822662 2.40917396545 0.433984994888 0.911888122559 0.454750061035 2.75098395348 1.75443887711 0.3049929142 good
106 63.0281980038 59.2328660488 61.154337883 62.8462660313 0.467328071594 60.856648922 63.8996729851 59.9114918709 60.7915899754 0.734355926514 good
107 0.46918296814 3.48105502129 1.16287684441 1.39614605904 1.02253508568 2.60291600227 2.27746295929 1.27108001709 1.92643499374 2.19173502922 good
108 0.676460981369 4.5553381443 0.43358206749 5.78120207787 1.76109981537 2.13902711868 0.789881944656 0.405493021011 1.63163399696 1.48041296005 good
109 2.20078086853 5.17571592331 4.7763209343 2.87213492393 4.23761701584 4.36702799797 2.99725484848 2.57862997055 4.0289452076 3.73475503922 good
110 10.0815968513 2.96176695824 0.966569900513 1.93473410606 2.30105209351 2.42988204956 0.666069984436 6.34999299049 6.17879605293 1.39564704895 good
111 3.15146112442 0.902246952057 2.63023209572 0.366585969925 2.0417611599 0.78800201416 0.968923807144 0.832499980927 0.435070991516 0.513851881027 good
112 1.02859115601 0.788357973099 0.954962968826 4.49305987358 2.50766897202 0.685688972473 0.518375873566 0.994622945786 1.03045606613 1.01128602028 good
113 0.662380933762 2.43049502373 1.44563484192 3.13287687302 0.554572105408 1.01401519775 2.19982409477 0.675232887268 0.481903076172 1.0841960907 good
114 0.601526975632 2.43081116676 0.388691186905 0.832094907761 1.46920394897 0.426609992981 2.52373886108 0.794362068176 0.646666049957 2.00379800797 good
115 1.68327689171 0.702604055405 2.83571887016 0.604908943176 0.612026929855 1.72114706039 0.871919155121 0.771145105362 0.960458993912 1.82043981552 good
116 1.10269498825 6.14648199081 0.486894845963 0.83626294136 0.664561986923 0.716850042343 0.991352081299 0.902114152908 1.10109901428 0.397425889969 good
117 0.47681593895 1.18201684952 0.593851089478 1.69084811211 0.995231866837 7.5772049427 2.65419387817 1.63743209839 3.48673415184 0.569285154343 good
118 1.21500611305 2.42814302444 0.928423166275 1.89858293533 2.12430715561 0.8506731987 3.16624212265 0.695436000824 0.917495965958 1.13121795654 good
119 2.58803701401 2.35290789604 3.36226606369 2.87707400322 2.73632001877 3.66262698174 3.58757209778 2.94004201889 3.08250498772 14.2842979431 good
120 2.02602505684 0.98252415657 4.1532599926 0.795921802521 0.895639181137 2.86169409752 3.47398900986 0.746459007263 0.600057125092 0.892869949341 good
121 1.07769608498 1.4837179184 1.47469997406 0.484971046448 0.713812828064 1.16862010956 0.612737894058 3.05992698669 0.779789924622 0.666091918945 good
122 1.0213060379 0.545488119125 1.38499689102 1.43632698059 0.535148143768 1.94309902191 0.427286863327 0.65372300148 1.20114398003 2.64318704605 good
123 0.777513027191 3.27949905396 0.750064134598 2.25490188599 0.606633901596 0.823473930359 1.12144398689 0.567950963974 2.05981087685 1.17829990387 good
124 2.20688390732 2.97425484657 2.65655589104 1.32527112961 1.38651299477 0.778281211853 0.894621133804 0.945853948593 2.06800818443 0.676573991776 good
125 0.593850851059 0.873116970062 19.4678559303 0.480991125107 0.970597982407 1.38524413109 0.790563821793 2.93222904205 0.371944189072 1.10902404785 good
126 0.683030128479 11.0502259731 0.875704050064 0.761410951614 0.994843006134 1.17466497421 2.35416197777 0.522977113724 0.345455884933 0.820675849915 good
127 1.68269610405 0.949725866318 0.781140089035 0.790569067001 4.42149209976 1.14209890366 2.48621988297 1.30559110641 2.12105607986 0.787961006165 good
128 0.736619949341 2.59765410423 1.7917330265 0.571213960648 0.734398126602 1.53047394753 0.7134578228 0.57838511467 2.22661113739 1.68262505531 good
129 1.71985387802 0.615616083145 1.41837096214 5.64040207863 0.7753469944 0.852371931076 1.26493406296 1.32646203041 2.28573608398 3.57341694832 good
130 0.991152048111 0.893531084061 1.33069705963 3.59212803841 1.29742908478 0.68119597435 0.899732112885 3.69913387299 1.22589206696 0.966531991959 good
131 1.4103410244 0.918578147888 1.54066300392 0.443046808243 1.55728507042 0.805161952972 1.17728090286 4.4967250824 0.43887591362 2.47583198547 good
132 0.702063083649 2.27378678322 1.17146992683 0.369567871094 0.673653125763 2.49839711189 5.39609193802 1.95702600479 1.66443395615 0.794064998627 good
133 2.61065006256 1.11554694176 1.10246896744 2.46725583076 0.469279050827 0.347727060318 1.16910719872 0.803680181503 0.887366056442 1.0074930191 good
134 1.03751111031 1.58822011948 0.572587966919 0.548233032227 1.31164503098 5.4734711647 0.740340948105 2.73461389542 3.90872812271 0.782548189163 good
135 1.26150298119 2.30363917351 0.663414001465 0.420611858368 0.445895910263 1.10071802139 1.39814805984 0.456623077393 1.44005680084 0.676703929901 good
136 1.60049510002 4.27381396294 0.837413072586 0.58886384964 0.900695085526 0.652983188629 1.82024502754 0.766800880432 1.70227003098 0.734828948975 good
137 0.49126791954 0.695708990097 0.650770187378 5.8118391037 0.694845914841 0.791072130203 0.871664047241 1.95677804947 0.771113872528 0.44883108139 good
138 1.22470808029 9.31320714951 0.612576007843 0.665157079697 0.747054100037 2.87260103226 1.69350790977 1.91676592827 2.03669118881 2.26751995087 good
139 0.866239786148 2.45316910744 5.46947288513 0.4113509655 0.711796045303 2.43590807915 1.05488109589 0.574109077454 7.44855308533 0.829061985016 good
140 0.892086982727 0.339417934418 2.94242596626 1.26925897598 0.874262094498 0.69929599762 2.32666110992 0.434979915619 0.766597986221 0.828909873962 good
141 1.17008805275 1.72500514984 1.05212903023 3.27294301987 3.85433292389 4.11914801598 3.92808294296 0.764878988266 0.683188915253 1.10790395737 good
142 1.04977798462 0.765197038651 2.5011639595 3.04529500008 3.08441400528 3.60913801193 0.664657115936 0.494465827942 0.339568853378 1.37475991249 good
143 3.71802306175 6.12324285507 0.32616186142 2.5986559391 0.54126906395 2.75595092773 1.65823101997 0.67058300972 2.86853003502 3.10013914108 good
144 0.942260980606 0.758809089661 0.845458984375 4.16214895248 71.8010480404 1.77151703835 7.08301520348 0.568023920059 0.722636938095 0.822440862656 good
145 6.88239502907 0.790592908859 5.12971901894 1.21798014641 5.74383401871 3.161247015 3.45411491394 2.31161904335 0.847855091095 8.22504591942 good
146 0.735661029816 0.863468170166 2.51762199402 1.05206990242 0.602218151093 6.04771399498 0.420829057693 4.18682789803 0.912342071533 0.894227981567 good
147 1.59400510788 0.923157930374 2.60809397697 3.8378739357 1.08552598953 1.05899095535 2.22333478928 0.925664186478 0.927674055099 5.07485985756 good
148 1.5971198082 0.873804092407 0.709170103073 0.762202978134 0.99956703186 4.88610196114 2.20606279373 2.56701016426 1.47647500038 0.560013055801 good
149 2.20524215698 3.12727594376 0.951839923859 0.440412998199 0.672813892365 0.905870914459 0.571583032608 8.23689103127 0.594381093979 1.01422095299 good
150 1.52535796165 1.27055811882 2.34172511101 3.03652310371 0.548970937729 0.537768125534 1.20809197426 0.790036916733 2.27173018456 1.88908886909 good
151 0.668628931046 0.805788040161 0.904715061188 4.2994248867 0.951948881149 1.27007293701 2.63891911507 1.00181412697 2.11387014389 0.356559038162 good
152 3.68682909012 1.01499295235 1.0698928833 0.408672094345 1.15227794647 1.97107696533 1.78749299049 0.863722085953 2.90867900848 0.778192043304 good
153 0.54262804985 1.07005095482 0.722106933594 1.1375579834 0.706717014313 1.06965208054 0.878430128098 1.05743288994 4.11205291748 1.10837984085 good
154 1.03572106361 1.02487015724 0.724273920059 1.10399699211 0.816436052322 0.989639997482 0.664906978607 1.00649285316 0.817820072174 8.39802002907 good
155 1.84924888611 0.762068033218 0.681854963303 1.34198594093 1.98797416687 0.467652797699 2.66603088379 2.26358389854 0.726897954941 8.06031799316 good
156 5.69768404961 3.5192399025 0.939862012863 0.934661865234 2.01620793343 3.81501221657 3.87362885475 3.13878083229 1.12952017784 1.13094592094 good
157 2.17276597023 0.726145029068 4.02561783791 0.650999069214 0.82731294632 1.56995105743 1.52198505402 0.73499584198 0.873615026474 0.392972946167 good
158 4.71333098412 1.41269207001 3.90016889572 2.91935110092 0.603217840195 1.78399586678 1.26940989494 0.530997991562 1.50145506859 0.951526165009 good
159 3.07360196114 12.962677002 2.14733314514 0.4651927948 2.0397028923 0.673317909241 0.795047044754 0.774234056473 1.15452599525 0.613687992096 good
160 1.19416809082 1.44491791725 6.62652087212 5.20266079903 2.41491889954 0.873635053635 1.37010502815 4.46662521362 10.6181900501 0.872589111328 good
161 2.82791209221 3.83242511749 3.23326683044 1.71756601334 3.01909708977 2.61602902412 3.65042901039 2.67155599594 5.2365489006 4.72848200798 good
162 0.519935846329 0.632107973099 0.946250915527 1.57312893867 0.841171979904 0.888673067093 1.84180402756 1.39863300323 0.383958101273 2.1128411293 good
163 2.65792107582 3.40718412399 0.812551021576 2.31381106377 1.22099900246 4.56718111038 1.89767193794 0.958148956299 2.21298384666 1.20699286461 good
164 5.27227497101 1.64945101738 0.561631917953 3.9172270298 0.70818400383 1.12920498848 1.4969329834 1.10504603386 3.14843297005 1.0463078022 good
165 0.414980888367 1.17100596428 1.24190711975 1.02518105507 3.16788220406 1.02639102936 0.852874040604 2.34101700783 3.65617895126 2.15721607208 good
166 1.11560893059 3.96669006348 0.973143100739 1.74174404144 4.79118299484 0.59379196167 2.84299898148 0.73988199234 1.3478410244 0.94953083992 good
167 2.8313729763 2.51486897469 0.670085906982 2.04463481903 1.67747402191 0.562609910965 1.2642660141 2.52282500267 0.658616065979 1.13191199303 good
168 1.35817193985 1.51147413254 0.734585046768 1.89848279953 3.95868492126 0.641535997391 0.539218902588 1.25610494614 0.865295171738 0.892355918884 good
169 0.945381879807 1.00922417641 0.764127016068 0.376989841461 1.44314908981 0.890901088715 0.731221914291 4.02765488625 2.08570599556 0.84112405777 good
170 2.79838490486 1.27422189713 4.42575407028 5.6242108345 0.606828927994 1.19424295425 0.715523004532 1.60299396515 5.4194021225 3.40022301674 good
171 0.587975025177 0.616480112076 1.92156791687 8.66559696198 0.794635057449 0.789282083511 1.06836509705 1.36503005028 3.62936401367 3.53540611267 good
172 0.620349884033 0.602683067322 0.913157939911 0.375427007675 3.46678900719 3.91473197937 0.600889921188 0.746361017227 0.603520870209 0.581347942352 good
173 1.13580584526 1.52064800262 8.21724081039 1.07054400444 1.27866697311 0.462182044983 0.629543066025 4.00750398636 0.974833011627 0.903342008591 good
174 2.72273612022 3.79169797897 0.316190958023 0.551814079285 1.43662381172 3.08619213104 0.749601840973 0.476368188858 7.85658192635 0.360562086105 good
175 1.47772598267 0.912947893143 1.01965999603 1.91386604309 2.034044981 3.59245419502 0.441117048264 2.06899189949 0.731585979462 0.51772403717 good
176 0.938013076782 0.684507131577 1.50340890884 2.92385101318 3.81555604935 0.629092931747 1.71311092377 1.55152511597 0.717334032059 1.19587802887 good
177 1.09379816055 5.01004600525 1.38494110107 0.488451957703 0.539254188538 0.788316965103 3.88047599792 1.00306820869 0.926952123642 0.666073083878 good
178 0.812122821808 0.655038833618 0.348191022873 1.75856900215 3.38234400749 0.342655181885 0.455127000809 0.452542066574 0.568032979965 0.417654037476 good
179 2.6842250824 0.598196029663 0.384397983551 2.59060978889 4.11337995529 0.447203159332 3.23592305183 5.70629382133 1.8183760643 0.42115020752 good
180 2.32458901405 3.12565588951 0.876451015472 2.56989312172 1.7610809803 0.959002017975 1.83736419678 2.26538801193 1.02196288109 0.861108064651 good
181 1.36637997627 0.453276157379 0.941731929779 6.20776605606 1.34973597527 3.94514393806 1.54354310036 3.88094806671 0.441919088364 5.70991516113 good
182 4.99706482887 0.867807865143 2.62013196945 1.63015007973 1.01629209518 0.835075855255 1.13877105713 0.603114843369 2.53946208954 0.733148097992 good
183 4.09866094589 2.05725312233 0.917423963547 0.420243024826 0.870279073715 1.2521340847 0.493623971939 0.548597812653 1.91903710365 6.91264986992 good
184 1.52650308609 1.02225899696 0.418612003326 0.728436946869 0.509159088135 0.949779987335 15.5942559242 4.97375798225 0.950840950012 0.429999113083 good
185 0.613717794418 7.61965703964 0.742392063141 1.15523099899 4.07812690735 0.958941936493 0.42004609108 1.66766214371 0.464497804642 0.597352981567 good
186 11.5060269833 1.81637907028 6.42813897133 0.341013908386 0.391757011414 0.982686042786 1.01258301735 0.489415884018 4.67176890373 0.361662149429 good
187 0.804142951965 0.575511932373 0.440062046051 0.863766908646 3.30928206444 4.32731986046 0.659468173981 1.99327397346 0.603272914886 10.6204059124 good
188 3.29322099686 0.772401094437 0.816478013992 1.09693908691 3.64104413986 0.551285028458 7.2326529026 0.436289072037 0.356937170029 7.58361411095 good
189 2.75372409821 3.0704460144 1.87837910652 0.418720006943 0.914695978165 1.93197607994 0.779646873474 0.459547042847 0.842068910599 2.6483361721 good
190 2.23205184937 0.530897140503 0.328809022903 1.18595910072 0.517715215683 0.446921110153 0.868115901947 1.01853299141 0.781684160233 0.679217100143 good
191 1.24045014381 0.495244979858 1.4848780632 0.880253076553 7.26943182945 0.784375905991 11.2472100258 0.433098077774 1.96747994423 3.82017993927 good
192 1.59935307503 1.91001105309 1.02019906044 7.5187599659 1.84716320038 1.12756204605 2.28175783157 3.6362490654 1.07197594643 0.527813911438 good
193 1.74632906914 5.27500486374 1.45208191872 3.273635149 1.11492776871 3.47745990753 0.763331890106 0.660892963409 1.26087808609 2.45372986794 good
194 0.788716077805 5.44383788109 0.607669830322 2.95922088623 0.729508876801 2.78915190697 0.72123003006 0.680813074112 1.06474089622 13.0492801666 good
195 1.16977596283 2.45343899727 0.552980184555 0.821442842484 8.09962201118 0.997807979584 1.08135581017 4.49417901039 1.77168512344 0.764690876007 good
196 11.0643658638 3.20608186722 0.811745882034 3.44832086563 0.909815073013 1.04489803314 2.00333881378 0.501194000244 2.06445097923 1.68269896507 good
197 4.63267612457 1.98880505562 0.91260099411 5.74888300896 3.67776608467 0.709117889404 0.646940946579 8.22763299942 0.531500816345 1.48401093483 good
198 1.58111190796 9.4229991436 2.3870639801 7.7144920826 0.534613847733 0.864133119583 1.1995909214 1.10293602943 12.790307045 1.26788687706 good
199 3.48291182518 2.69831204414 0.920083999634 0.556201934814 2.84276604652 2.722260952 0.832826137543 0.691302061081 1.28976607323 0.385801076889 good
200 1.77868199348 2.97672104836 0.938756942749 9.10573816299 0.589581012726 1.73556494713 3.68912100792 4.02866292 0.805685997009 2.18441605568 good
201 2.516092062 0.837366104126 1.12541890144 1.58200478554 0.499033927917 2.01034402847 7.25554800034 0.675833940506 2.01441597939 1.04497098923 good
202 4.8961379528 0.692049980164 0.783851861954 0.469030857086 1.02823400497 0.668313980103 2.57889103889 1.63836812973 3.8053920269 0.887117862701 good
203 0.682042837143 0.927966117859 3.05647587776 0.335897922516 0.842641115189 0.785606861115 1.81509184837 0.387897014618 3.26111102104 0.730231046677 good
204 1.60262608528 8.13506507874 5.57742595673 2.09890604019 1.08735799789 4.12819504738 3.93228197098 1.82188606262 3.57663702965 0.897017002106 good
205 1.33696103096 0.558104991913 0.59411907196 8.92941713333 0.98605298996 1.51281309128 1.04038691521 1.9298491478 5.22794723511 2.47167205811 good
206 2.95445513725 0.91210603714 1.9697060585 3.2999920845 4.37273383141 4.93269491196 1.21241593361 3.071860075 0.970800876617 0.603251934052 good
207 6.89252901077 4.29835891724 5.85134005547 6.31597900391 2.19912314415 4.90761208534 0.545408964157 6.77898311615 0.692276000977 5.12877202034 good
208 1.54907894135 1.17737412453 4.25825095177 4.80255103111 6.10333704948 4.20711803436 0.835620880127 2.52625918388 0.79688000679 4.09942913055 good
209 0.629112005234 0.375994205475 1.53339791298 0.908664941788 1.13631987572 2.71711707115 3.99184799194 112.554281235 22.0091700554 1.14730501175 good
210 5.28156208992 1.77519798279 0.602313041687 0.921102046967 1.0283370018 1.04135704041 0.673087120056 0.979443073273 1.15623617172 0.885227918625 good
211 0.945647954941 5.01317095757 2.13038802147 1.18341898918 2.01316189766 0.910598993301 2.14767694473 11.8900370598 0.967025995255 1.02560210228 good
212 0.934400081635 0.417043209076 1.38848900795 115.88821888 1.54945898056 1.33145308495 3.88583016396 2.7825319767 0.970196962357 0.614005804062 good
213 2.00112199783 2.77681612968 2.74880695343 0.937225818634 2.86099505424 2.19639205933 0.549329042435 0.643937826157 0.785971164703 3.07908701897 good
214 2.12910318375 0.727941036224 0.87620306015 1.10383105278 0.764176845551 0.542889118195 0.899296045303 0.800702095032 0.550965070724 2.45892500877 good
215 0.592042922974 0.983696937561 0.989282131195 2.51569914818 3.48236894608 0.992369890213 0.866060972214 1.25282979012 0.598199129105 0.739827156067 good
216 0.643543958664 8.90852618217 3.14751601219 1.74255895615 4.11981296539 1.0638229847 0.376379966736 1.99076890945 0.601664066315 6.80364704132 good
217 0.912905931473 0.905522108078 1.18530488014 0.525726795197 3.03353404999 1.0220348835 4.45662403107 50.2508270741 2.40437293053 6.08443403244 good
218 1.66880989075 0.949470996857 0.868365049362 2.70143890381 1.32270812988 0.709892988205 0.757929086685 0.915299892426 0.336307048798 4.09923887253 good
219 0.902866125107 6.64151000977 2.19962000847 0.610868930817 0.615921020508 0.37645983696 1.43225002289 2.04324507713 4.43621706963 0.512722969055 good
220 0.744796991348 0.931174039841 0.631520032883 1.04671096802 0.547855138779 0.868359804153 6.24014401436 1.8583009243 0.647381067276 0.590428113937 good
221 7.346763134 4.90433883667 1.15910506248 1.38151812553 5.50085997581 0.767128944397 5.82803988457 0.509220123291 1.55962705612 6.22467279434 good
222 0.39105796814 15.0849151611 0.427444934845 2.62506985664 4.45083999634 7.0468609333 17.9512629509 19.038364172 22.6539900303 0.643513917923 good
223 5.65860390663 5.9450480938 18.5088779926 6.17146801949 6.92827606201 1.00628781319 2.90777301788 10.6819450855 5.58284592628 7.25292086601 good
224 0.866216897964 0.411834955215 1.74014592171 0.702486991882 2.28051519394 1.38820290565 0.820429086685 0.707838058472 3.16185688972 0.654516935349 good
225 2.23007488251 2.7563958168 0.367647171021 4.84696817398 1.55697107315 3.01423001289 2.97413301468 2.62456798553 0.55415892601 1.19359588623 good
226 0.547980070114 0.668485164642 2.55684995651 0.461627960205 0.424573898315 0.828478097916 4.64602708817 5.7153699398 11.5047090054 1.32358193398 good
227 1.22801589966 1.96472001076 2.24953603745 0.563071966171 6.22105383873 2.19330906868 0.771306991577 2.44687104225 6.03880214691 13.097124815 good
228 1.23342895508 2.32329916954 0.90696811676 8.08191800117 4.46829199791 0.466533899307 0.860913991928 10.7127478123 0.413932085037 1.17093515396 good
229 1.04864692688 0.92289185524 2.63495802879 2.49951887131 3.41509580612 2.65284085274 2.60487818718 0.624103069305 3.04372596741 0.533013820648 good
230 1.18933987617 1.6783220768 2.87396502495 1.15422415733 0.94003200531 7.17288184166 1.19499993324 1.45481491089 1.68794989586 1.0075969696 good
231 4.20428681374 1.24428200722 1.53547096252 4.51996898651 6.19010710716 3.27845597267 5.78671216965 1.83647108078 0.590579986572 4.9595310688 good
232 9.21092700958 7.24316501617 0.820481061935 0.713204860687 1.21560788155 2.12945508957 0.542083978653 0.621104955673 4.42175602913 0.726459980011 good
233 1.14609694481 1.01711916924 0.399314880371 5.56476402283 3.64930605888 0.675473928452 2.59515380859 1.39021015167 0.442883014679 0.421000957489 good
234 0.81170797348 6.6500120163 0.353424072266 1.18341803551 0.889872074127 23.6226608753 0.806703090668 5.43297290802 5.28901791573 0.846544981003 good
235 1.66875600815 0.624361038208 2.99178481102 2.37968993187 0.700711965561 0.560429096222 0.545011997223 3.09027886391 0.904401063919 1.14462399483 good
236 1.79040598869 3.23944306374 3.81338119507 1.23746800423 4.7489118576 0.907633066177 4.99741005898 3.96480107307 5.66584610939 0.399619102478 good
237 0.561966180801 4.83495497704 1.10125803947 16.1372749805 1.11556506157 1.06106281281 9.31310296059 4.65651798248 1.30949616432 2.49987888336 good
238 0.945382118225 1.34305882454 2.36769318581 1.18337082863 6.82993292809 0.592054843903 1.41919493675 2.38554310799 0.343804121017 0.476408004761 good
239 1.088752985 3.60925912857 4.53027582169 0.891559839249 1.07039999962 2.08788084984 0.787571907043 8.91104793549 5.20439910889 3.37000489235 good
240 0.563951969147 1.85349488258 1.10665988922 1.77078604698 1.26731419563 1.90262794495 5.66024303436 0.696012020111 3.42624998093 2.14927792549 good
241 1.02581787109 1.67718601227 2.17557096481 0.397449970245 0.839751005173 0.917016029358 2.18611097336 0.852300882339 2.43648409843 5.27815794945 good
242 2.62238788605 0.896228790283 1.11884307861 3.99536800385 0.536046028137 0.814551115036 1.70068311691 0.554228067398 4.73919701576 3.47317290306 good
243 0.346121072769 0.951727867126 0.355994939804 0.376008033752 0.740162134171 1.03068590164 3.64042592049 1.17266011238 0.784991025925 2.46996712685 good
244 1.89403796196 5.33469390869 0.962378978729 2.64154601097 6.23823595047 0.90086889267 2.51125788689 1.41804409027 0.738466978073 4.03572797775 good
245 3.23557806015 0.643792152405 0.40150809288 3.44699692726 0.430744886398 9.74116611481 4.87960195541 2.53890299797 0.419527053833 1.59847807884 good
246 7.56102490425 1.28877902031 0.772789001465 1.33986401558 0.835244178772 3.9486811161 0.56628203392 2.66591095924 2.33673787117 4.08046793938 good
247 1.50237607956 6.9699780941 3.64926719666 2.82287216187 1.57882118225 1.0886490345 3.18046307564 1.20551419258 0.668700933456 0.621499061584 good
248 60.3333480358 0.849623918533 0.934298038483 1.05236887932 0.575099945068 1.5582408905 1.82763910294 1.07474398613 1.45006108284 0.785351991653 good
249 2.15498304367 2.9481818676 6.09148716927 0.898792982101 0.562279939651 0.534437894821 0.369425058365 3.77619481087 1.17161202431 0.521976947784 good
250 3.16633296013 1.73894000053 1.12191796303 4.40438294411 9.16670703888 1.34293699265 0.335880041122 1.910353899 2.50456595421 11.0494458675 good
251 0.495862007141 8.33331608772 0.751620054245 1.47830200195 2.90628814697 0.888488054276 1.77888083458 0.991940021515 0.529662847519 2.8835568428 good
252 12.4413461685 2.30002188683 0.509473085403 1.01846790314 4.3684489727 0.422873973846 1.83128786087 5.06862092018 4.65825414658 0.440879821777 good
253 1.03589892387 0.593780040741 1.17360901833 0.514439821243 1.35929584503 1.00013017654 1.03370881081 0.449628829956 0.446686983109 1.46317791939 good
254 0.404658079147 5.71055793762 0.494815826416 0.706453084946 0.905652046204 0.437695980072 0.930597066879 7.2021689415 0.415246009827 4.20871019363 good
255 5.15928983688 2.23606586456 28.4313499928 1.20962500572 1.74621891975 4.15473484993 2.23220205307 1.63523697853 4.88023877144 2.27252817154 good
256 1.25430893898 10.6421129704 1.32040405273 13.64544487 1.12102413177 6.52955698967 6.12479305267 4.85905909538 6.097012043 6.98789596558 good
257 1.04329490662 1.31794691086 0.556718111038 0.496788024902 1.13032984734 1.24875020981 3.78652215004 1.02099514008 1.07004499435 1.18315601349 good
258 6.8687980175 0.683372020721 0.809211015701 2.47351980209 3.60292196274 0.626871109009 8.5228869915 0.754097938538 10.2723081112 4.96693611145 good
259 3.5196762085 0.933299064636 2.94305896759 0.947546005249 0.882858037949 1.03269100189 5.24496412277 3.66844010353 11.4387829304 4.5455019474 good
260 9.94312500954 0.821955919266 0.602597951889 0.5959379673 1.31126284599 5.50534296036 10.4508581161 3.85882997513 0.689683914185 15.9808599949 good
261 0.571172952652 4.4873509407 0.553195953369 5.37055897713 0.478185176849 4.77964997292 0.727963209152 4.34683012962 3.77068185806 2.78117609024 good
262 16.7879281044 1.6765999794 2.38918113708 1.0367231369 4.06941795349 1.66884016991 5.64086890221 1.13764715195 0.636664152145 0.579994916916 good
263 12.6153459549 2.86944699287 0.918791055679 6.55368900299 1.30306506157 0.906543970108 0.799560785294 6.24725914001 0.377124071121 0.625607013702 good
264 7.46297383308 12.4409439564 1.2091178894 2.26530599594 1.59674406052 3.85713005066 8.94450998306 0.558483839035 6.05921292305 2.75311303139 good
265 2.55929303169 5.87744283676 1.67357206345 0.943036794662 9.80086803436 5.78912997246 0.726130962372 3.23007297516 1.50373411179 0.778142929077 good
266 4.91970705986 2.16740894318 3.10986113548 19.4526209831 2.70344614983 4.47692894936 0.656076908112 4.01067495346 4.89158415794 3.37563896179 good
267 0.705852031708 4.06000113487 3.36499810219 2.48752093315 0.601995944977 3.08012580872 1.33592295647 1.42291307449 0.587028026581 4.10829401016 good
268 0.488765954971 0.846275091171 1.45334100723 1.5147330761 0.350037097931 17.5439801216 0.697456121445 5.52978110313 0.730344057083 13.1010129452 good
269 0.881958961487 6.60521697998 0.74794793129 2.48743700981 0.971345901489 7.3384988308 1.40253615379 1.53780889511 1.12026500702 0.574011087418 good
270 7.5648560524 0.850655078888 0.748805999756 13.7272160053 0.694036006927 1.76304888725 4.07670998573 1.38020420074 3.57761502266 0.787279844284 good
271 1.01718592644 2.815762043 10.9081189632 4.36978292465 2.23158311844 1.0374879837 13.5538208485 0.572151184082 2.23187398911 2.64717197418 good
272 0.595533847809 1.20796394348 0.834912061691 0.671401977539 0.77746295929 5.192456007 1.02478003502 0.609417200089 7.6410241127 6.05478477478 good
273 2.60912799835 0.750054121017 8.30559706688 0.600883960724 1.18659806252 0.514537096024 0.730027914047 1.69669294357 2.55912494659 3.79727911949 good
274 0.567939996719 0.584297895432 4.76760792732 0.455507040024 1.47843313217 1.73184299469 0.459572076797 0.835952043533 3.4812309742 1.09540104866 good
275 0.85971903801 1.53333091736 2.13720178604 0.868884086609 3.27478599548 0.887824058533 1.11560201645 3.84093403816 6.56695008278 4.43059897423 good
276 1.12232613564 0.781215906143 3.27763986588 0.999412059784 3.07512593269 3.81324791908 0.483033180237 1.60025906563 0.835389137268 0.382433891296 good
277 5.65269804001 9.08413481712 0.373704910278 0.980016946793 2.66486620903 1.47982501984 0.492735147476 25.0923798084 6.34024119377 1.0892560482 good
278 2.30858016014 4.40432500839 7.22451901436 16.5241410732 1.32565402985 0.738696813583 1.88863492012 0.471921205521 0.633718013763 0.874577999115 good
279 0.710735082626 0.882647037506 6.68514800072 1.63035821915 2.29908514023 3.76321005821 1.00951004028 0.659599065781 7.99215912819 3.50660991669 good
280 1.60969901085 0.994938135147 1.10580301285 2.74303793907 3.13306999207 1.28183412552 0.725800037384 8.58344006538 1.85793113708 2.46236014366 good
281 1.34978604317 0.71127986908 0.498697042465 1.61750984192 0.359597921371 1.2324898243 11.6238811016 0.473937034607 0.902023077011 0.721741914749 good
282 0.363540887833 0.396301984787 2.59927892685 0.659138917923 4.12184405327 2.52819895744 0.518599033356 0.780841112137 2.56338405609 1.4953379631 good
283 2.31729793549 12.2800459862 4.7650680542 10.0095050335 0.674226045609 1.24695301056 1.12682294846 5.14367604256 0.860630989075 1.95812892914 good
284 8.5962228775 0.516185998917 2.87647914886 11.0331921577 5.28639793396 0.573602199554 4.5054359436 1.29720592499 0.66477394104 3.02105402946 good
285 6.59443187714 0.668754816055 0.407552957535 6.47368812561 8.55919122696 0.816605806351 3.58677601814 1.54763102531 0.696309089661 8.20219707489 good
286 14.6904201508 4.74207305908 0.842247009277 0.574844121933 3.31257891655 0.971857070923 0.9788210392 0.886207103729 3.33050394058 0.444641113281 good
287 7.48778486252 3.4813477993 2.57869410515 0.547565937042 0.386461019516 1.78186297417 1.01029610634 1.03972291946 0.370886087418 0.759669065475 good
288 1.39278101921 5.39068293571 5.03775191307 0.794777870178 1.19514608383 14.3480341434 2.15497589111 0.760319948196 2.61440896988 1.77511096001 good
289 1.7178208828 1.05580282211 3.0538110733 0.722735881805 2.3969399929 3.2208480835 6.41686797142 2.89557409286 11.8137309551 1.20153784752 good
290 1.35816502571 0.850764036179 15.4309608936 1.65810704231 0.870152950287 2.28461313248 0.868125915527 0.75589299202 9.75528407097 6.60368013382 good
291 1.64841103554 0.384982824326 2.97338008881 0.901253938675 0.638481855392 6.54823803902 1.01016592979 4.58047795296 1.52834892273 0.41407418251 good
292 5.27801203728 0.735606908798 0.490326881409 18.6210370064 0.394109010696 0.657639980316 2.36400508881 2.41168904305 1.98014187813 1.60539197922 good
293 3.48888611794 1.09980297089 2.48633885384 1.29995703697 0.706041097641 1.09447598457 2.29570698738 1.17601799965 0.750277996063 3.00123000145 good
294 2.90453100204 13.5309631824 1.954652071 3.64154314995 0.824933052063 1.66832399368 3.21213197708 0.558726072311 0.997094154358 1.0061340332 good
295 1.01522493362 2.67958712578 0.923326015472 5.29458403587 2.05066800117 8.02044200897 1.11444783211 0.625773906708 0.659013032913 1.18325996399 good
296 26.0022921562 0.416383981705 0.785537958145 1.94911599159 2.24195885658 1.38087201118 2.02085614204 6.3194270134 1.49911284447 2.45335102081 good
297 3.69642496109 6.99264097214 0.583780050278 1.06749010086 2.84271812439 3.33071303368 2.63154911995 2.65527796745 2.60258603096 5.2106590271 good
298 1.85906195641 6.18777322769 9.3570420742 2.99070811272 1.35421013832 7.16086411476 5.37262392044 9.90341806412 2.19804596901 4.23707008362 good
299 0.933320045471 0.496756792068 2.3596560955 8.92710781097 3.96696615219 1.34508705139 1.11416602135 1.3289039135 8.89091706276 3.48666095734 good
300 0.924393892288 0.644010066986 0.621868133545 10.5178511143 2.22254800797 17.5637059212 1.15969896317 3.14506006241 8.52213907242 7.20262813568 good
301 2.37972998619 0.41925907135 3.03005886078 5.84412002563 2.09555888176 4.36107707024 0.798832178116 5.01364898682 1.79182195663 0.720212936401 good
302 1.4048371315 12.9432060719 1.65613889694 2.19869804382 0.813746929169 2.70077800751 0.501092910767 16.103140831 1.32267713547 0.494601011276 good
303 2.64317202568 2.06181097031 0.70875787735 0.813210964203 4.79228997231 1.22438097 0.76695394516 4.70425200462 1.63850998878 10.0444190502 good
304 2.01946187019 5.73165798187 0.739354133606 2.96871089935 1.85771822929 1.32032203674 0.954892873764 3.94661092758 0.703802108765 0.829934835434 good
305 0.892277002335 3.13314795494 14.364180088 1.04871201515 11.3519251347 2.37352108955 2.5443148613 0.843921899796 5.63253307343 13.756278038 good
306 3.91811108589 7.60102891922 1.04070496559 1.28311800957 4.75543904305 0.54186797142 12.9257309437 0.735450029373 3.09951090813 0.351932048798 good
307 2.70545220375 0.550097942352 0.864048957825 0.551413059235 0.982427835464 0.550331115723 0.566872119904 0.543870925903 2.46996998787 3.28874206543 good
308 5.88954877853 1.1750190258 0.702316999435 0.786505937576 0.434885025024 5.00614190102 0.886090993881 0.989600896835 0.607101202011 0.554582118988 good
309 0.738296985626 2.87050819397 1.97014689445 6.560090065 0.788765192032 4.69508194923 5.59382605553 2.00590801239 10.4788050652 0.559737920761 good
310 3.19034981728 5.48716616631 6.90031981468 4.99900603294 0.475055932999 0.705931186676 3.2821700573 1.03170204163 1.02171087265 0.476239204407 good
311 1.86985611916 1.00844717026 1.46883201599 6.14015603065 0.927912950516 0.81797003746 0.960905075073 7.06807994843 42.6255719662 0.952115058899 good
312 0.727651119232 1.15369510651 0.811514139175 1.26101088524 3.54835700989 0.79825592041 3.97266793251 3.64645504951 2.19751405716 7.45227193832 good
313 1.24499797821 0.467176198959 3.79753398895 1.08164691925 1.18609595299 5.46256899834 4.9480240345 1.07354593277 1.08006215096 11.5571849346 good
314 0.93296289444 0.659439086914 0.410743951797 0.86433506012 1.29564189911 0.610632896423 0.808585166931 1.91652107239 0.65078496933 0.373444080353 good
315 0.549829959869 1.04035711288 0.925298929214 0.383281946182 2.16536211967 6.19480013847 7.86157298088 0.372483968735 3.71746587753 3.03522920609 good
316 3.29009008408 2.17330694199 0.701157093048 2.0593919754 2.35335707664 1.51642394066 8.27299404144 8.50106596947 3.60245704651 0.99876999855 good
317 1.19447517395 1.248472929 0.406253099442 0.801450967789 36.1247971058 2.02873516083 1.467648983 0.553411006927 0.551208972931 0.416599035263 good
318 0.86211681366 7.79036402702 3.63905096054 1.13567280769 0.416486978531 3.51348495483 1.74602818489 4.3140411377 1.98582100868 3.53383111954 good
319 1.26243686676 4.80108094215 8.82288908958 3.12254500389 1.11562204361 3.20234894753 0.604979991913 4.99434089661 0.7993080616 2.50610399246 good
320 1.16402792931 0.391993999481 12.848610878 0.415687799454 0.454403877258 7.38586997986 0.353825092316 1.13764309883 0.560665845871 0.712578058243 good
321 0.836025953293 0.38604593277 0.552790880203 0.437725067139 7.8920750618 0.446979999542 0.919755935669 2.41814684868 2.31725001335 3.33152580261 good
322  bad
323 3.85338401794 1.88048005104 0.880211114883 1.30593204498 4.31958293915 0.66012096405 3.42193007469 1.50900793076 6.41366410255 0.792160987854 good
324 2.92147707939 0.847554922104 13.6309900284 0.317529916763 1.08763504028 24.8768949509 6.03951311111 0.4084379673 1.29542303085 13.473952055 good
325 1.40302681923 28.0873420238 2.33794283867 0.990962982178 1.18340706825 0.714740037918 6.10449695587 0.773103952408 10.780878067 0.866821050644 good
326 0.770054101944 0.910378932953 11.8840870857 0.73050904274 0.600753068924 2.91117787361 1.98038291931 3.01372098923 0.401293992996 12.5129089355 good
327 2.27025508881 0.993695020676 0.582192182541 0.890597105026 0.393424034119 0.962446928024 0.781548023224 10.2749500275 0.447099924088 1.40416479111 good
328 0.71470618248 1.63524794579 1.20788598061 5.23628807068 7.86721396446 0.313695907593 1.12644982338 1.02891612053 6.74622106552 1.82442998886 good
329 3.58337211609 4.95413398743 6.37915611267 0.615129947662 0.550784111023 4.19705414772 8.4248650074 4.61081218719 18.8875999451 4.21793007851 good
330 0.924861192703 6.35365104675 7.45207691193 0.527825832367 8.25014305115 0.563701868057 0.425436973572 0.628932952881 2.67706012726 1.19062805176 good
331 0.494016170502 0.848278045654 4.72653794289 4.89270615578 0.565229892731 1.21169805527 0.879827976227 4.58621191978 0.843657970428 0.623175144196 good
332 3.9246339798 2.08114480972 10.8954291344 0.491229057312 0.627825021744 0.470663785934 11.1359670162 0.711689949036 0.488945007324 3.14621806145 good
333 1.00801301003 1.31946706772 4.65908098221 0.561666965485 1.00986194611 20.1160321236 3.69306492805 5.14814591408 1.53339004517 10.7451879978 good
334 1.45100808144 1.60793399811 0.489470005035 0.825534105301 9.43448996544 28.9229531288 0.790381193161 6.6228530407 5.41856408119 5.22731089592 good
335 1.5341770649 9.80824613571 1.08523583412 12.2204191685 1.08018302917 0.529908895493 1.17140197754 5.21119308472 1.21853590012 1.19928097725 good
336 5.7997610569 11.9725558758 1.72605705261 1.13188099861 0.317041873932 3.84696888924 21.0450489521 1.62788796425 24.2094900608 0.602092981339 good
337 3.33519983292 0.58128285408 5.6231482029 0.852843046188 2.17821598053 0.863307237625 1.07323694229 0.625118017197 2.27415704727 6.86378002167 good
338 3.16794300079 0.719820976257 7.31468009949 0.648495912552 1.45823097229 0.311717987061 2.62421298027 0.460295915604 0.895937919617 0.414710998535 good
339 9.97941017151 1.11542892456 7.94987893105 0.370012044907 0.426154136658 0.534875154495 4.28453803062 0.92106795311 0.477902889252 2.32035493851 good
340 1.32855391502 3.95991587639 2.05115199089 0.613461017609 15.0672991276 0.496917009354 0.685204982758 3.17494797707 1.05208206177 0.456280946732 good
341 9.26907801628 0.481523036957 0.759983062744 1.81225514412 0.419572114944 3.423787117 0.972267866135 2.69612407684 2.01916408539 6.78101110458 good
342 2.65880393982 6.83596396446 1.20542001724 1.90115213394 3.60026812553 0.520977973938 2.52050590515 0.451193094254 0.619849920273 0.414199829102 good
343 5.0345621109 3.82373285294 1.03912997246 0.573072910309 3.71820807457 1.36624288559 1.17203998566 9.17741799355 0.522765159607 1.29199719429 good
344 1.25388383865 1.01601004601 8.80683398247 0.419080018997 0.883287191391 0.533663988113 4.94247102737 12.3108251095 7.61026191711 0.360635042191 good
345 1.55882811546 1.42601108551 1.23321580887 2.12694716454 7.68308496475 7.36300301552 0.690510034561 0.522243022919 1.37955403328 11.149559021 good
346 1.47498202324 0.702510118484 1.75617408752 3.46681189537 2.22772502899 0.663707971573 0.433452129364 3.9864180088 1.27417683601 0.461323022842 good
347 1.05652308464 4.35841417313 1.17371916771 16.4047870636 3.62449789047 0.588745832443 0.736051797867 3.24205589294 3.46024608612 1.13231086731 good
348 6.8170030117 9.05427193642 10.9038960934 2.5867061615 2.29838895798 7.57878899574 7.32178592682 3.12577199936 0.795643091202 12.0156850815 good
349 1.72736096382 0.700773000717 3.47170114517 7.40290999413 1.22545313835 2.06138086319 2.4710650444 1.26214194298 0.447323799133 0.684683084488 good
350 0.991263866425 1.08846998215 2.27184700966 0.935840845108 1.25281906128 7.90839314461 1.23707890511 1.0160651207 36.7337708473 2.60002088547 good
351 0.626381874084 1.19342017174 2.77564716339 3.94621300697 0.744434118271 3.09555602074 0.883719921112 6.08810186386 4.75758099556 3.74841594696 good
352 3.85776495934 0.411516904831 8.28385591507 1.13405799866 0.822365999222 0.868308067322 0.423722982407 6.98610186577 1.90803599358 0.957215070724 good
353 0.619372844696 10.140458107 1.21035313606 0.805068969727 2.66508793831 1.69686603546 10.0918688774 2.4511051178 9.95632386208 2.95990300179 good
354 1.1869161129 0.618733882904 0.929497003555 0.434717178345 0.368366003036 0.336061000824 2.89394688606 0.806439876556 2.3356628418 3.72764706612 good
355 0.793313980103 0.803974866867 0.553068876266 2.10597419739 1.13327503204 8.16752386093 0.897947072983 8.89825582504 9.82238817215 6.93702793121 good
356 9.10140299797 0.894489049911 0.83985710144 7.79754805565 0.457888841629 1.75672698021 0.584801912308 0.744122982025 0.462931871414 6.94303297997 good
357 3.07310700417 1.12524080276 1.32556200027 0.716464042664 5.14088082314 4.91407704353 6.97704100609 6.34332799911 1.09753894806 3.27733302116 good
358 3.27472615242 4.5343170166 7.22533798218 1.3730430603 0.436146020889 0.591799974442 0.756383895874 1.08459305763 0.469232082367 6.82395982742 good
359 5.35561609268 5.7504529953 14.9779791832 0.916740894318 0.47926402092 0.917927026749 8.14083600044 1.55813598633 3.06828403473 5.48904585838 good
360 23.4513430595 0.935965061188 1.03486609459 1.05770587921 0.394944906235 5.21526312828 2.59089493752 0.312916040421 0.442588090897 2.58395004272 good
361 2.02394509315 0.601223945618 0.957365989685 5.61718606949 1.70394778252 0.880813837051 2.82386207581 3.55528903008 0.645468950272 2.2560968399 good
362 1.31659603119 2.92842197418 0.885407924652 13.3948011398 17.3821048737 6.96403098106 1.51973319054 1.78626704216 9.73215007782 0.97265791893 good
363 0.594903230667 3.62152791023 4.39257192612 0.671360969543 1.16963911057 1.00701904297 1.00446295738 0.519134044647 30.3794839382 0.419194936752 good
364 0.959110021591 2.66471290588 0.46238899231 1.11762309074 8.1057908535 2.78614211082 9.20077300072 3.25164484978 0.875641107559 8.50101995468 good
365 23.4629318714 4.51954197884 18.8498048782 8.87547016144 2.61777901649 4.49289298058 1.28631210327 8.53708910942 0.436820983887 9.4303560257 good
366 2.43722581863 3.66286587715 0.618479013443 2.23504900932 5.10426211357 9.34278297424 5.11010813713 4.33508300781 1.09236502647 0.632884025574 good
367 0.584125041962 0.629307985306 0.980374097824 14.3843669891 16.9204900265 1.37839102745 0.541002035141 2.88489890099 0.570132017136 1.13927602768 good
368 0.930461883545 9.54083800316 2.04271292686 18.4577250481 0.696227073669 0.511513948441 1.81245994568 19.3531191349 1.38177919388 18.4335689545 good
369 0.69976401329 12.4458851814 0.715861082077 15.5068221092 6.58338809013 2.93322682381 0.556327819824 4.09180188179 5.01356887817 1.38607501984 good
370 0.396525859833 1.15315198898 34.595941782 4.68520498276 0.655339956284 0.827778100967 0.377540111542 7.79222202301 1.3495490551 14.3894000053 good
371 1.76339387894 1.08532786369 3.98955202103 2.96115517616 0.73909497261 0.896770954132 1.22568702698 6.41033816338 0.760725021362 8.57944917679 good
372 19.5833609104 5.60146188736 1.12498903275 3.65497303009 1.03310990334 1.09545898438 9.51476597786 0.579195976257 5.50862884521 1.03880500793 good
373 0.629612922668 3.11382603645 3.78151488304 8.73328399658 1.39250206947 1.21620392799 0.545518159866 0.628601074219 4.63545489311 1.7523560524 good
374 0.642153024673 0.418709993362 0.662379980087 0.506510019302 3.04561400414 0.594070911407 14.3522279263 1.10280299187 1.21305298805 13.1013858318 good
375 0.445178031921 2.30550599098 3.56601500511 0.9094581604 0.782392978668 0.422580957413 9.35848283768 0.489916086197 0.552692174911 7.57570791245 good
376 1.01384019852 1.01672911644 9.93897891045 26.6886839867 0.505433082581 0.865009069443 6.41920900345 6.02782082558 23.8901491165 0.494360923767 good
377 4.30943799019 0.899484872818 1.2756550312 2.45809793472 2.15674090385 13.9409098625 1.2739880085 5.68863487244 4.68394994736 0.777750968933 good
378 1.53258490562 8.8066008091 0.837610006332 0.763328790665 5.68537402153 1.18776607513 0.821487903595 12.8617920876 4.99635004997 4.31715607643 good
379 0.4864590168 17.585488081 2.14015889168 2.05105996132 4.42702889442 9.18325805664 0.754770040512 16.9291539192 0.734534025192 0.950361013412 good
380 8.74942111969 0.408638000488 0.839370012283 0.607306957245 1.37137508392 1.04801106453 2.23017287254 16.0535521507 5.2711379528 3.42110705376 good
381 7.99678707123 0.636943817139 5.53748989105 0.733545064926 1.10163497925 0.527959108353 7.05797600746 0.83746099472 0.866674900055 4.80325698853 good
382 2.2904689312 1.27557706833 0.436902999878 0.408892154694 0.974735975266 5.98629212379 15.1958949566 11.539773941 0.380472898483 7.27550387383 good
383 1.15902090073 1.07536697388 0.976135969162 1.06068205833 38.0011050701 0.442538022995 6.9822409153 2.37503123283 1.46347594261 0.972357988358 good
384 12.4524188042 0.872972011566 1.15001010895 1.41455793381 2.27529788017 2.46966409683 1.87039613724 1.31536507607 6.30166506767 1.04689884186 good
385 15.6241760254 1.2773141861 6.53177809715 22.3149149418 0.389559984207 0.779974937439 8.8169529438 6.77558898926 0.711750984192 0.511813879013 good
386 1.84049582481 0.372607946396 7.13095378876 3.60279393196 0.619256973267 0.576893091202 0.494130849838 0.797207117081 0.952656984329 3.15230894089 good
387 4.1081199646 13.7235860825 4.40197896957 0.859381198883 12.3218781948 4.21933698654 0.599186182022 0.842789888382 3.06789302826 11.1432750225 good
388 8.14333105087 7.91120696068 1.03183913231 3.0064599514 1.48649477959 0.604010105133 1.19391083717 0.385041952133 0.613831043243 12.5174388885 good
389 1.36589694023 2.02126407623 5.76879096031 0.735321998596 20.4032850266 18.9127340317 19.2526810169 0.598940849304 1.27403783798 0.341913223267 good
390 10.3852598667 0.359338998795 0.625965833664 19.494259119 1.03071403503 0.610542058945 2.38603186607 1.09387612343 1.9589009285 7.87446117401 good
391 1.26162099838 7.47546005249 2.06518983841 0.425222873688 0.58472776413 0.594321966171 14.3620269299 14.1826369762 5.56797003746 1.45839190483 good
392 0.411327123642 2.24976801872 0.873106956482 0.459897041321 8.50224399567 0.895092010498 0.773719072342 0.605381011963 1.11384677887 3.41413712502 good
393 7.85899186134 4.39613389969 2.42930221558 0.768771886826 5.24071907997 0.94499206543 2.53527617455 1.61509990692 1.10426998138 0.745127916336 good
394 0.983991861343 0.627029895782 0.892946004868 3.33616399765 0.43815279007 2.37930011749 2.91357898712 4.42204713821 9.70013403893 0.523615837097 good
395 3.855645895 3.4729449749 4.04514098167 11.5058231354 6.17537784576 3.625633955 0.439465045929 1.28928399086 4.48361706734 0.690150022507 good
396 9.83858585358 0.441265106201 12.8359129429 15.5422101021 2.07429790497 0.924333095551 11.1981151104 0.798672199249 0.730037927628 2.97564482689 good
397 13.444259882 2.92611122131 2.20698189735 1.08711600304 19.0933029652 21.5960659981 0.631360054016 4.95315694809 1.84594583511 0.62445807457 good
398 3.20598697662 0.60164308548 5.32228398323 6.83726000786 18.7459211349 0.745468139648 7.17268395424 0.387074947357 0.497333049774 0.553336143494 good
399 9.86963701248 6.4615240097 10.3611760139 3.80640888214 4.10321497917 2.15888094902 0.63384604454 1.20221090317 2.86101198196 0.908325910568 good
400 9.19337201118 0.902733802795 0.594892024994 6.5088160038 0.774996042252 1.25269508362 3.19799613953 0.545707941055 3.63755512238 0.600472927094 good
401 2.81962203979 2.62433600426 4.91211700439 0.613848924637 2.98626494408 0.589349985123 0.907650947571 18.482186079 3.56273603439 1.17222690582 good
402 0.831377983093 1.46347093582 1.98593401909 8.78856420517 1.25364303589 0.936368942261 4.24121999741 1.24451804161 0.549352169037 4.96361303329 good
403 0.75958108902 10.7425050735 2.43246102333 0.96830701828 5.75877404213 1.0330760479 1.24842381477 0.583014011383 3.84711503983 5.59178090096 good
404 0.924145936966 0.663336038589 11.8557629585 0.566385984421 7.77966022491 12.2525999546 0.958633899689 11.4094109535 93.6520211697 5.65896701813 good
405 80.0642440319 0.760687112808 1.97323083878 0.456541061401 0.532741069794 11.7504069805 41.7109069824 0.811593055725 2.01243495941 2.377161026 good
406 2.55176615715 3.69069600105 2.11614084244 5.84548020363 0.966772794724 7.64860200882 4.58921504021 1.13453793526 6.92016005516 4.44706392288 good
407 0.45220708847 2.34908509254 11.6608541012 2.66121292114 3.07215094566 0.765394926071 6.06226086617 1.157766819 8.22087883949 17.4419050217 good
408 0.413948059082 3.11277604103 0.749305009842 4.8308942318 12.1784579754 19.6065888405 34.406111002 1.183604002 0.740358829498 0.848461866379 good
409 0.860759019852 8.25752496719 0.665436029434 0.308573007584 0.994215011597 1.39743804932 1.04725909233 0.36186003685 6.57287788391 0.929055929184 good
410 11.7678229809 0.502660989761 16.0992560387 0.852584123611 9.75672411919 9.42313218117 2.78377914429 0.595524072647 1.05185484886 1.20428705215 good
411 8.20058894157 14.6511399746 1.61494517326 10.7431921959 6.55685305595 2.87786006927 3.83297395706 1.67411994934 6.85496377945 1.35064101219 good
412 0.507186889648 0.823740959167 11.8497991562 3.76390981674 1.36482000351 9.89573001862 2.08603000641 0.470442771912 2.08959507942 2.83870697021 good
413 1.32630300522 9.35265994072 13.2953560352 1.45081591606 4.64286708832 0.536155939102 1.04387402534 1.30659008026 0.937302827835 4.68134593964 good
414 6.9170358181 0.489156007767 3.01048707962 9.50200891495 1.25393486023 1.0722091198 0.583365917206 1.10445094109 1.04559397697 0.483281135559 good
415 2.08462309837 1.14790010452 10.6687839031 6.05323910713 0.673763990402 0.789048910141 7.80664992332 3.42051196098 0.943655014038 0.383388996124 good
416 0.532757997513 2.70882701874 1.65103697777 2.41605615616 16.0477490425 0.400884866714 14.3893060684 0.598035097122 16.0061011314 1.4161760807 good
417 9.70568394661 0.661260128021 9.24241304398 0.410974979401 2.72946000099 2.52052402496 0.86499786377 1.21555614471 8.57323098183 0.368760108948 good
418 2.80870294571 7.84037494659 1.1593670845 0.585933923721 9.56963396072 0.466604948044 3.0100979805 8.92924690247 2.18279504776 0.526355028152 good
419 0.598321914673 7.29507899284 5.14873504639 5.83683419228 1.41220593452 0.852787971497 0.813915967941 0.887362003326 0.981506109238 28.839097023 good
420 15.1279468536 4.14754700661 2.27913403511 22.0164241791 2.06498408318 5.41171979904 0.676296949387 11.0822899342 0.556972980499 8.46072483063 good
421 11.6784110069 8.32961702347 0.531577110291 2.05018997192 14.3787219524 0.643005132675 8.41482806206 15.4435939789 0.857291936874 1.30124998093 good
422 2.86033582687 16.5356330872 0.717715024948 0.654608011246 0.375350952148 1.02013301849 0.776635169983 4.80810308456 0.340328931808 0.342247962952 good
423 0.633151054382 1.88771820068 0.545669078827 1.42335605621 2.58692598343 2.685587883 1.69388914108 0.901536941528 5.67705702782 0.605010032654 good
424 0.829145908356 5.81796908379 0.341510057449 12.0393018723 0.736540079117 1.79534983635 5.46890592575 2.40105390549 1.15340900421 1.12404108047 good
425 468.253813028 559.061122894 483.788897038 474.05842495 461.356659174 469.242653131 368.7727561 456.177582979 465.43305397 470.63807416 good
426 0.767174005508 0.427868843079 0.73695898056 6.69171500206 1.89149403572 1.14008998871 12.7878339291 0.452769994736 1.25408601761 12.1084389687 good
427 5.76477098465 19.4258010387 1.44680500031 1.41177797318 0.700827121735 0.275230884552 21.0437629223 0.753937959671 0.668131828308 10.1054890156 good
428 23.3455469608 8.69259119034 0.698168039322 0.557038068771 0.846995830536 0.987025022507 0.381271123886 1.04553818703 0.854942083359 2.10794901848 good
429 7.14696002007 0.792014122009 0.759646892548 2.95025205612 0.460580825806 1.03857302666 0.820587158203 12.7535359859 2.36277985573 22.2361528873 good
430 0.448802947998 1.96455693245 0.951528072357 0.742652177811 30.7103691101 0.810224056244 7.22468709946 0.632271051407 10.9947760105 0.379477024078 good
431 0.815401077271 0.833852052689 13.9959790707 1.53431797028 2.84369301796 3.82054591179 1.21162509918 0.903028964996 14.0402491093 0.635468959808 good
432 32.3257391453 2.26271915436 5.95868396759 11.0372850895 9.11513113976 24.8373401165 0.784561157227 2.1779229641 7.4141690731 16.6064059734 good
433 0.608794927597 1.20618987083 11.0957798958 7.23974990845 0.623214006424 16.2400298119 3.14709186554 0.454459905624 0.431397914886 9.63413214684 good
434 0.862375974655 3.22191810608 0.686256885529 8.48646783829 4.44296097755 1.30889201164 26.7988162041 15.6065199375 1.24916696548 1.2629301548 good
435 0.668487787247 11.6503801346 3.9590959549 0.713231086731 1.37533903122 0.560028076172 9.90732598305 14.1649961472 0.600205898285 0.938624858856 good
436 14.124163866 1.66181397438 1.6501159668 1.00116896629 22.0052170753 1.33640885353 3.23093891144 2.04212903976 1.44616699219 0.677131891251 good
437 1.15279984474 0.858748912811 1.29631090164 4.29499006271 8.8327589035 0.879212141037 17.5542190075 13.6809840202 1.32441401482 9.54469799995 good
438 0.990882873535 2.76634311676 1.01178503036 0.553235054016 0.993923902512 0.876571893692 1.29789304733 1.06135392189 72.8641531467 0.947156906128 good
439 7.36310601234 0.874130964279 2.65428590775 0.446499109268 0.865948915482 1.2680311203 0.574989080429 4.0507080555 0.950898885727 3.0438451767 good
440 0.464073896408 0.31824016571 1.13564991951 2.45446491241 3.94024515152 0.602179050446 0.44242310524 3.94663119316 3.46290898323 0.952061891556 good
441 5.25194883347 1.08051300049 1.02925300598 11.7512950897 0.375677108765 0.734378099442 4.84909510612 21.1628210545 7.16617083549 0.420769929886 good
442 0.858573913574 6.24926280975 0.305947065353 2.74667596817 10.8134629726 11.1322870255 3.37438392639 1.56534194946 15.1616859436 2.39473485947 good
443 2.71178793907 0.92021894455 0.449329853058 6.95580005646 0.486780881882 0.481521844864 13.4823720455 1.6238257885 0.869167089462 0.746573925018 good
444 2.66172099113 34.0892419815 2.47964906693 23.8145120144 4.40895795822 1.97013497353 1.32951188087 2.98983001709 14.0047960281 1.16860389709 good
445 14.6598470211 0.565003871918 8.18235898018 1.61289000511 13.8136711121 1.10808610916 7.67961120605 0.596341848373 5.23053216934 1.64406490326 good
446 4.14912199974 1.04671287537 0.883943080902 7.315721035 1.28406500816 12.648223877 12.92841506 0.744157075882 0.690608978271 2.17401003838 good
447 1.8276860714 7.38852620125 1.28169894218 0.57187795639 0.705225944519 15.6074240208 0.769083976746 9.15853500366 0.500440835953 0.988945960999 good
448 9.3094201088 4.00295710564 0.600759983063 0.57917881012 16.0122981071 42.685587883 6.06127595901 0.92538189888 1.00851202011 7.7309448719 good
449 0.649518966675 10.2687830925 0.8968770504 7.52290391922 1.0269010067 0.993865013123 5.24059605598 2.41305613518 12.652130127 0.964081048965 good
450 2.56785607338 0.852524995804 0.855694055557 1.35982012749 0.735070943832 0.570605993271 16.4420280457 1.14031386375 12.7922148705 16.0413560867 good
451 0.675883054733 1.13515305519 10.5473310947 4.14924097061 0.425626993179 2.18732404709 4.16511011124 0.488663911819 16.4368069172 11.6934609413 good
452 0.654525995255 6.7473859787 1.11912488937 0.513464927673 1.49154186249 0.864876031876 1.29820203781 4.24771094322 0.940907001495 0.559216022491 good
453 0.578923940659 2.46121501923 0.531655073166 1.19083118439 0.656216144562 0.647718191147 1.33938503265 1.16563391685 0.678154945374 1.38934588432 good
454 4.44917988777 0.552626132965 1.11191892624 4.90575885773 0.395711898804 1.81768298149 0.542475938797 0.375949144363 0.973952054977 0.355280160904 good
455 5.94439506531 25.0474090576 13.8770909309 0.643102884293 2.48460578918 0.975788116455 0.456895112991 21.0684518814 39.5660331249 0.62055182457 good
456 34.5822310448 1.74543690681 5.27262806892 0.727240085602 10.4272639751 1.33192300797 1.13343596458 1.2991809845 0.634927034378 0.606058120728 good
457 8.4828441143 5.61833286285 0.970077991486 1.10489606857 1.47355914116 0.724723100662 0.841554880142 0.725597143173 9.62687015533 1.88319301605 good
458 4.47944307327 0.946833848953 1.08060693741 0.824173927307 2.98865890503 23.8419430256 1.35385107994 0.682611942291 0.491986036301 0.677883863449 good
459 7.22912406921 5.39670395851 14.2143638134 0.762840986252 0.75932598114 4.44658207893 21.5176129341 0.990086078644 5.8829061985 1.75181889534 good
460 0.681037902832 11.7867760658 0.513618946075 4.98920202255 1.28026509285 13.1762089729 0.711321115494 0.910156011581 1.28943800926 11.4881391525 good
461 1.28474116325 7.06554698944 1.06336402893 0.415241956711 1.80325102806 1.68510484695 1.1995241642 18.3413369656 0.507294893265 1.2616147995 good
462 1.601583004 1.06802797318 1.08495593071 5.27706289291 2.4178071022 16.2770040035 1.55677318573 3.73102092743 9.31901597977 1.6340649128 good
463 3.67375206947 2.17963600159 6.86659812927 1.57514405251 2.67911601067 1.90276002884 3.14647912979 2.24190592766 0.504643917084 1.45854902267 good
464 5.29552388191 13.2597739697 1.06633400917 9.87125897408 1.2982070446 11.670789957 1.16395187378 3.54441595078 0.936319112778 2.51451778412 good
465 1.10349798203 1.34121990204 0.474739789963 1.86887907982 24.052148819 6.10443210602 14.2249891758 0.74614405632 0.959914207458 2.33654808998 good
466 3.45601296425 0.711187124252 6.28695702553 0.916728973389 0.955710887909 0.646811008453 17.0608360767 22.2185270786 0.384752035141 11.006841898 good
467 1.10887098312 0.682322025299 29.083507061 0.823391914368 1.83410096169 0.612324953079 0.349713087082 0.817209005356 0.393496990204 2.50597810745 good
468 1.71220302582 5.42387294769 0.961670160294 0.965418100357 0.863581895828 9.78042602539 9.6047949791 5.90608286858 7.11978507042 16.6805560589 good
469 0.470247983932 1.40329194069 4.39930295944 0.52157497406 4.55702590942 0.364868164062 12.2880878448 1.1044819355 0.886977910995 0.942809104919 good
470 23.1182389259 10.2558188438 1.30964398384 23.8254060745 0.693227052689 8.55356407166 2.79546713829 1.83650898933 0.716907978058 0.637242078781 good
471 16.8216059208 3.00284290314 5.71240901947 1.62213110924 13.8580989838 1.40312099457 0.689369916916 1.11331415176 0.994508981705 1.50696587563 good
472 10.193780899 0.556483030319 3.40551495552 1.35824108124 1.69295907021 0.761268138885 4.08833503723 4.27680683136 0.631264925003 0.958518981934 good
473 0.832221984863 1.58659887314 1.73899102211 0.426403999329 17.1982018948 4.12895798683 2.26823806763 0.476938962936 0.800945043564 0.982233047485 good
474 25.7532930374 0.782819986343 7.13433289528 0.649357795715 0.637284040451 1.30586385727 10.7509469986 4.29803991318 1.17884421349 1.16838788986 good
475 3.54793787003 0.507300138474 16.7335789204 0.84717798233 1.19014191628 24.8539011478 0.915652990341 57.9135451317 18.4098310471 24.1227679253 good
476 9.04533004761 8.35534119606 0.534910202026 10.8472900391 0.965746879578 22.4374270439 0.984064102173 0.889573097229 0.592341184616 0.493562936783 good
477 35.4180190563 2.99582505226 0.38077712059 2.50925302505 10.1795799732 1.80833911896 23.480962038 0.432023048401 0.9836769104 11.7630870342 good
478 29.0504670143 0.516333818436 1.02675008774 1.00286102295 137.098184109 0.831924915314 18.6972169876 1.22587609291 11.4087541103 2.06723308563 good
479 1.63979005814 8.63341498375 0.99653506279 0.623052835464 1.34980392456 21.8670520782 7.84323811531 0.645279169083 0.598234891891 0.770344018936 good
480 1.34195303917 1.26848101616 0.997367858887 10.0428819656 0.593482017517 0.984071969986 12.6458671093 24.860047102 0.660981893539 0.790264129639 good
481 0.392578125 1.04337382317 7.30053687096 0.602468967438 0.471677064896 2.05263590813 28.6445610523 11.1463878155 0.890991926193 0.710130929947 good
482 2.27396178246 0.50430893898 0.652955055237 0.44973897934 1.01524806023 16.4390208721 0.796704053879 0.617933988571 8.97471189499 0.380918979645 good
483 0.979149103165 1.04817414284 6.52841997147 22.4630739689 15.2057380676 2.59503507614 17.7179238796 0.95865893364 1.80084300041 2.36838006973 good
484 6.91162204742 10.5454819202 3.39604592323 5.08117413521 2.43254899979 5.6105298996 3.46097517014 3.18533110619 3.2667889595 2.69440412521 good
485 0.803245067596 3.82192802429 0.431104898453 0.829424142838 2.49178910255 0.991394996643 1.00533604622 8.75311207771 11.4368188381 0.3490421772 good
486 2.6035130024 5.1023440361 32.2764101028 2.67284798622 5.00207805634 10.9556009769 3.12054109573 19.9716310501 4.89487695694 3.58451914787 good
487 1.94007396698 2.81828999519 1.35341906548 0.927520990372 3.6205599308 0.717401981354 1.95514893532 49.825168848 0.646137952805 3.05463910103 good
488 11.9733581543 0.753908872604 2.25380086899 0.797291040421 15.4028670788 4.49663186073 12.8352720737 5.5961151123 0.531453132629 0.398324966431 good
489 1.83748006821 0.948130846024 0.653270959854 6.44456195831 12.4337069988 1.40159916878 1.49254393578 0.363618135452 0.758795976639 1.11131000519 good
490 4.87099409103 1.88828802109 0.545639038086 10.5204529762 28.6105191708 0.630024909973 31.1919801235 0.366243124008 0.839057922363 0.542191028595 good
491 5.30785989761 14.821213007 0.811573028564 1.48654985428 9.00579094887 0.377991914749 4.3336379528 10.8501770496 3.57186198235 1.09059000015 good
492 13.2112390995 0.389101982117 0.965400934219 6.51067709923 12.3853850365 6.6857419014 4.51151895523 1.29148387909 0.425393104553 17.7228291035 good
493 0.968380212784 0.759546041489 1.07442688942 0.607893228531 8.66171884537 0.719378948212 4.61631894112 2.22677898407 5.28503894806 1.50115990639 good
494 0.661498069763 4.09359788895 1.60317111015 1.48342895508 72.2265729904 0.726597070694 1.21970796585 2.28967499733 36.9304878712 11.4913511276 good
495 0.507215023041 0.492921113968 10.2402229309 24.4137761593 27.95728302 2.46611905098 0.438468933105 2.83741402626 4.62525296211 2.54795312881 good
496 0.915618896484 6.75840687752 8.03828001022 1.54856109619 12.0234279633 0.802482843399 1.11733222008 17.4079899788 1.45735192299 0.507353067398 good
497 0.653805971146 0.54523897171 7.28163409233 12.1432540417 34.2603609562 3.34396886826 1.09818506241 0.992313861847 16.9511620998 0.998989105225 good
498 12.7648160458 1.02097892761 17.7090139389 0.854842185974 0.883182048798 0.576318025589 0.421571969986 19.9152379036 0.808480024338 9.94797682762 good
499 4.61484503746 22.1689112186 10.3043038845 3.62765812874 0.35373711586 29.8042781353 11.8184530735 0.45059800148 5.397960186 1.13109588623 good
500 1.01794290543 3.33440208435 1.31952214241 0.36844587326 9.71737599373 0.452139139175 6.80116486549 0.844972848892 76.3550889492 0.755537033081 good
501 14.7881808281 2.14599490166 0.72483086586 6.64794898033 1.80799198151 0.37606716156 0.559091091156 2.37510204315 0.622883796692 0.615114927292 good
502 0.759665966034 3.551831007 8.46632289886 0.558944940567 9.19336295128 5.47522616386 15.2158448696 1.30554795265 0.615215063095 1.71498513222 good
503 10.8674881458 0.383553981781 16.1275718212 0.555999040604 78.5999310017 0.413791894913 13.6987910271 1.16214799881 0.484246015549 0.886260032654 good
504 1.5215420723 0.622182130814 16.6899969578 11.4992830753 2.56284713745 2.81891703606 0.503414869308 5.62315797806 3.01553010941 2.65331292152 good
505 0.714964151382 0.60015296936 10.146132946 12.8967249393 1.20366287231 5.20918393135 4.75482583046 4.15973591805 0.523805856705 0.871501922607 good
506 5.91402101517 0.512685060501 0.54448890686 0.515341997147 1.03951621056 1.36853599548 1.58820700645 9.72861504555 1.70992898941 5.4084880352 good
507 0.751260042191 1.88575196266 7.73495721817 10.9436900616 2.89083385468 3.88904285431 1.19295907021 81.9001820087 0.651890039444 5.25246214867 good
508 0.413726091385 11.5497841835 5.07298207283 4.39329385757 0.549174070358 1.34043288231 2.57094693184 0.546700954437 1.31818389893 0.349901914597 good
509 0.508128881454 1.72155284882 2.07727098465 12.9944970608 24.3976378441 2.06027007103 22.0620629787 0.418746948242 0.98403096199 3.14084410667 good
510 3.54546785355 5.59012389183 0.417019844055 15.7864801884 0.501264095306 3.18527293205 1.34735608101 0.611644029617 7.442248106 1.83910989761 good
511 1.42694282532 1.16293501854 0.593565940857 0.359795093536 0.833104133606 8.57497596741 14.9488251209 2.2435400486 9.98524904251 0.951520204544 good
512 0.924787998199 2.29083395004 2.43985700607 0.931441068649 0.927542924881 0.46802687645 1.42080688477 14.6510360241 4.15746688843 8.93858909607 good
513 6.53252506256 0.476363182068 0.92587518692 1.01133084297 0.888651132584 2.83250188828 4.67899513245 0.557161808014 30.2058911324 1.73218107224 good
514 12.2895798683 29.3799049854 0.328314065933 0.74421787262 12.150028944 1.17362904549 0.847061872482 12.6534950733 1.72990393639 1.20427298546 good
515 0.902499914169 30.756196022 27.2586019039 26.461575985 3.30001997948 1.31439518929 0.991741895676 0.514277935028 17.1555140018 0.46675992012 good
516 3.93544101715 2.97677588463 1.04460287094 17.7479259968 12.5636348724 0.62256193161 6.98845291138 1.04534292221 1.31442689896 0.851337909698 good
517 0.823935985565 32.2056469917 2.63109993935 11.5915539265 1.94967198372 8.84705400467 1.26863288879 18.8923749924 1.70137381554 2.74586296082 good
518 1.07230210304 2.42598199844 0.409927129745 1.24549198151 0.956017017365 1.47751998901 1.12126302719 1.41762900352 4.19797086716 5.654088974 good
519 6.40638518333 0.889976024628 0.786167860031 0.64910197258 2.43725895882 0.711055994034 1.09211111069 0.498963117599 9.13895606995 17.1782810688 good
520 9.79434609413 22.6137859821 0.498943090439 0.642719984055 0.526499032974 0.613918781281 0.669245004654 0.535587072372 19.1702258587 0.52787899971 good
521 5.68014907837 12.6522679329 1.81656503677 0.567755937576 2.35914301872 0.932955026627 22.4508750439 1.43713903427 1.59084320068 1.10087895393 good
522 3.06056213379 0.977988958359 1.13577890396 2.66626477242 31.9917991161 0.680522918701 0.529151916504 3.14362096786 0.409687995911 1.19308710098 good
523 14.1366710663 5.64566397667 0.961678981781 6.5317401886 14.0198190212 1.61045098305 58.6123960018 0.976553916931 0.378928184509 2.54697918892 good
524 21.5933439732 1.46751308441 17.4863860607 20.3164670467 0.681416034698 0.913884878159 0.345042943954 1.43066191673 19.4868581295 0.466840982437 good
525 0.522528886795 16.5114820004 0.994575023651 0.742579936981 0.500553846359 8.65900397301 16.1335549355 0.708581209183 10.9392309189 0.497868061066 good
526 0.817143917084 2.50543498993 5.93779087067 0.852794885635 11.811809063 2.16814780235 3.07089400291 8.17712688446 15.547976017 0.425238847733 good
527 0.764720916748 0.855334997177 13.1446969509 25.5731310844 37.4936470985 3.14351201057 0.895127058029 3.11944007874 1.2111518383 1.80978107452 good
528 1.0722079277 0.787844896317 50.7829391956 5.79028582573 1.07661390305 2.82629609108 22.2412829399 3.79216384888 5.08649682999 0.666296958923 good
529 0.451024770737 1.55888605118 7.75192284584 18.5969109535 1.18104195595 4.17887997627 0.408867835999 0.904026985168 11.5914709568 1.02615809441 good
530 1.9363360405 5.73209786415 6.75560307503 11.5085580349 0.922429084778 1.05283403397 1.02521300316 1.33161091805 1.03307008743 1.89978599548 good
531 3.43081283569 1.5228729248 15.3846349716 1.49678206444 0.637254953384 0.688805103302 0.597983121872 14.6554369926 0.580858945847 0.436762094498 good
532 0.916818857193 5.59660387039 5.82008385658 1.09489512444 0.86826300621 0.905133962631 7.32646393776 8.77883911133 14.8036019802 11.1691448689 good
533 1.47980380058 12.6131799221 3.00252318382 0.555843830109 10.8436031342 1.06934785843 48.7156701088 2.15033006668 0.417678833008 1.29024600983 good
534 0.407645940781 1.15322303772 1.80797600746 1.20322704315 30.0162689686 0.906899929047 1.25690293312 1.29297304153 1.14994382858 3.89741206169 good
535 0.936299800873 9.64473104477 2.36423492432 0.464297056198 0.979514122009 0.600773096085 0.768955945969 3.06739401817 15.813024044 0.616772174835 good
536 1.13193011284 25.587485075 1.20633101463 3.43837690353 1.12619996071 1.41736507416 0.982550144196 20.3156819344 6.24347901344 1.49061203003 good
537 2.64859199524 2.17997288704 0.968048095703 4.01856803894 1.1783721447 0.429845809937 0.500993013382 0.433681964874 0.376001119614 1.00635290146 good
538 1.82336688042 0.860908985138 18.6189749241 1.29031705856 15.470482111 9.55457401276 0.720633029938 8.06532788277 1.28862810135 0.934475898743 good
539 0.587251901627 5.99723696709 0.592132091522 74.7745149136 1.25956892967 0.496823072433 8.27135491371 1.18262600899 1.04750490189 0.925364017487 good
540 1.31864404678 3.53520393372 1.24714303017 0.624550819397 9.54458284378 3.73686814308 0.689789056778 0.388397932053 25.5470430851 2.7452352047 good
541 1.19278502464 2.97354197502 4.22722005844 0.493309020996 0.44504904747 0.443175077438 15.9207820892 3.9089140892 0.934696912766 0.90376996994 good
542 0.884966850281 0.663557052612 1.01059699059 0.867597103119 0.978992938995 2.70398497581 1.40147686005 7.65799117088 0.647967100143 2.58165287971 good
543 0.385926961899 1.42597007751 42.3792560101 0.959514141083 14.8229279518 2.55937600136 0.684463024139 0.530292987823 3.26020908356 1.34101915359 good
544 62.2522130013 2.60219717026 4.88614916801 60.7852761745 124.494552135 19.4953751564 1.07071805 106.589827061 75.4881269932 62.3874759674 good
545 2.99955391884 3.7642159462 33.9551198483 3.58286499977 3.11444401741 44.7213249207 2.30654597282 9.13190197945 2.89815306664 68.3018379211 good
546 25.0407550335 0.715357065201 1.24846887589 3.47596120834 23.8523051739 0.705878973007 12.1602499485 0.919084072113 23.1705029011 0.744235992432 good
547 6.37070298195 32.1808152199 59.022176981 17.0848441124 1.04463195801 0.619308948517 6.15842294693 3.88944602013 14.4819099903 1.2980158329 good
548 1.15640187263 7.30839395523 21.7665309906 4.19510293007 18.6791000366 31.5125918388 0.343939065933 2.61867713928 0.780682086945 1.37770104408 good
549 8.51855802536 0.625542163849 2.48421692848 0.541986942291 11.6357707977 1.07740497589 1.28905701637 14.2034311295 41.365309 61.387814045 good
550 32.5002820492 0.983633995056 0.951243877411 0.571098089218 1.30246210098 0.556029081345 3.0206360817 28.8076219559 0.881395101547 0.430588006973 good
551 17.5926439762 2.00206708908 13.1305949688 32.9603068829 0.854193925858 18.5709590912 5.19640493393 1.93037199974 0.832773208618 17.5306880474 good
552 0.597755908966 0.629390001297 2.66830205917 18.5395271778 5.85050010681 2.94282913208 0.546147108078 0.863675832748 0.746841907501 1.26489090919 good
553 0.348180055618 0.307641983032 17.319092989 47.9196369648 1.01021409035 1.91095995903 56.6742799282 0.859735012054 3.25326895714 0.811208963394 good
554 1.04765105247 10.1512899399 16.2456820011 1.51846194267 1.33813595772 3.30322098732 0.390084981918 11.555606842 0.725090026855 13.0609269142 good
555 0.478451967239 17.0865709782 1.8119161129 6.96380209923 2.67667198181 3.74876999855 12.9417910576 2.41416597366 0.60209608078 0.478196144104 good
556 20.765401125 0.729080915451 1.22263979912 10.3270840645 9.65675115585 0.588295936584 1.13805913925 5.72341489792 0.587578058243 29.8119239807 good
557 0.738227128983 1.38069105148 58.9186468124 10.0391039848 0.758460998535 17.7114548683 0.780253887177 3.73078203201 8.98578500748 1.07993102074 good
558 2.76170802116 1.7397351265 0.979593038559 3.39353013039 0.664816141129 1.28929495811 13.8294517994 17.5959801674 0.716380119324 0.538944959641 good
