1  1 0.0987808704376 0.16920208931 0.185254096985 0.114199876785 0.0889461040497 good
1  2 0.165823936462 0.265124082565 0.34187412262 0.26251411438 0.123183012009 good
1  3 0.0969541072845 0.115307092667 0.187898874283 0.324104070663 0.179966926575 good
1  4 0.385560035706 0.368397951126 0.38688993454 0.328320026398 0.405294895172 good
1  5 0.250949144363 0.345293045044 0.247936964035 0.297646999359 0.342258930206 good
1  6 0.499330997467 0.292388916016 0.580509901047 0.706170797348 0.311743974686 good
1  7 0.64825296402 0.634593963623 0.554838895798 0.559667110443 0.406991004944 good
1  8 0.571768045425 0.718389987946 0.989113092422 0.425951957703 0.382280111313 good
1  9 0.704144954681 0.774795055389 0.726155996323 1.18715000153 0.918545007706 good
1  10 0.833984136581 0.66329908371 0.879523992538 0.755707025528 0.838671922684 good
1  11 0.781105041504 0.976726055145 0.832952022552 0.881012916565 0.969171047211 good
1  12 1.55643105507 1.61947584152 1.71791505814 1.39122009277 1.51885104179 good
1  13 1.54593992233 1.43400192261 1.02297496796 1.1181678772 1.5515499115 good
1  14 1.19454503059 1.40612506866 1.61006808281 1.44643497467 1.78080701828 good
1  15 1.95143508911 1.47715902328 1.81572794914 1.79297304153 2.95236706734 good
1  16 1.56242203712 1.57910513878 1.18970108032 1.83305692673 0.774843931198 good
1  17 2.24823999405 1.53626990318 2.5605609417 1.76250910759 1.63727402687 good
1  18 1.90491080284 2.25802111626 1.69961500168 0.91466999054 1.5851790905 good
1  19 2.40087389946 1.14604401588 1.1236550808 1.33393597603 2.23785805702 good
2  1 0.285989046097 0.209640026093 0.121271848679 0.247067213058 0.27113699913 good
2  2 0.761337995529 0.807384967804 0.262588024139 0.625684022903 0.955234050751 good
2  3 0.275665044785 0.563266992569 0.900548934937 0.766422986984 0.769021034241 good
2  4 0.924899101257 0.975915908813 0.96489405632 0.820328950882 0.380562067032 good
2  5 0.772062063217 0.99147105217 0.724649906158 0.499428033829 0.461446046829 good
2  6 0.816935062408 0.943998813629 1.20854592323 0.702734947205 0.657262086868 good
2  7 0.717347145081 0.810555934906 0.79607796669 1.30699086189 0.744043111801 good
2  8 1.07686901093 0.880536079407 1.12340307236 1.2122528553 1.95381212234 good
2  9 1.69428992271 1.25218605995 1.86416101456 1.01723694801 2.37106990814 good
2  10 1.01125216484 1.59315299988 1.64112901688 0.914721012115 1.66128706932 good
2  11 1.76062393188 1.16239285469 2.37689399719 2.03354215622 2.11522817612 good
2  12 3.38578987122 3.46235394478 3.82933783531 3.72820901871 4.63567495346 good
2  13 2.77926015854 1.35024189949 2.8575899601 1.33573293686 1.76985311508 good
2  14 2.64058089256 2.65650606155 3.10628294945 2.03141307831 2.06150913239 good
2  15 3.49511599541 1.18649792671 3.00391983986 2.0363240242 2.91455698013 good
2  16 1.80675792694 1.34931015968 2.16781306267 1.60792803764 1.74445509911 good
2  17 3.55374407768 3.09852409363 1.52518510818 2.46520400047 1.98354506493 good
2  18 2.20646882057 2.46091198921 1.80135393143 2.31511712074 2.3267660141 good
2  19 2.48134112358 2.87074494362 1.11014199257 3.03537511826 2.79055094719 good
3  1 0.1446788311 0.143486976624 0.188266992569 0.281090021133 0.155776023865 good
3  2 0.289287805557 0.238061904907 0.802463054657 0.280719041824 0.37882900238 good
3  3 0.777044057846 0.766031980515 0.804924964905 1.03887701035 0.974620819092 good
3  4 1.16445112228 1.10978007317 0.833144187927 0.608891963959 1.14348101616 good
3  5 0.794812917709 1.45187497139 1.95515322685 1.86912989616 0.869039058685 good
3  6 0.723425149918 1.59934020042 1.64460992813 1.81452894211 1.34969806671 good
3  7 1.57813405991 2.50437092781 1.99019289017 1.28045296669 2.37201189995 good
3  8 1.15472006798 0.925094127655 1.56758117676 1.81062793732 1.44069600105 good
3  9 3.34783601761 2.92199683189 2.39936304092 3.21307992935 3.0518219471 good
3  10 2.52265191078 2.18732690811 1.86937093735 1.83151316643 2.29678416252 good
3  11 3.13160681725 3.34476399422 3.63844299316 2.63253498077 3.48834705353 good
3  12 2.16290688515 2.2341940403 2.38745999336 1.65662908554 2.61532902718 good
3  13 2.7568500042 2.58142113686 2.8837389946 2.83315896988 2.84163379669 good
3  14 2.83136987686 3.52506709099 3.05560088158 3.81786394119 3.67046403885 good
3  15 4.71513700485 5.10551595688 3.61801314354 3.57382917404 2.90634608269 good
3  16 4.57776212692 4.47984099388 4.20443987846 4.66188716888 5.78445887566 good
3  17 5.60120487213 4.12223005295 3.90743494034 7.21193814278 3.38004279137 good
3  18 2.26608181 2.94740104675 3.86260294914 3.14097309113 3.99660992622 good
3  19 5.90316390991 5.8845949173 5.08674120903 5.32722210884 4.83096885681 good
4  1 0.848634958267 0.957397937775 0.734751939774 0.612906217575 0.406237840652 good
4  2 1.39560294151 0.830262899399 1.33883881569 1.56835198402 1.18666100502 good
4  3 0.472242116928 0.912655115128 0.427275896072 1.04939508438 1.014772892 good
4  4 1.49630308151 1.38492012024 1.48378300667 0.915729999542 0.765511035919 good
4  5 1.12891387939 1.15382885933 0.837872028351 1.52278614044 1.23924183846 good
4  6 2.98309898376 1.97957706451 2.13305401802 2.95777010918 2.23337888718 good
4  7 3.40851593018 3.25825715065 2.28432297707 2.41810178757 2.64905118942 good
4  8 3.0271229744 2.89247488976 2.52147102356 3.02782416344 2.86242008209 good
4  9 1.53200221062 1.90927505493 2.16000103951 2.93439507484 1.23114585876 good
4  10 3.16252684593 4.38936901093 3.24275517464 3.58859705925 4.99744796753 good
4  11 2.99736714363 1.95903396606 3.73884296417 2.54406285286 2.7881090641 good
4  12 5.11613202095 4.48704814911 3.09498000145 3.72309589386 3.7801721096 good
4  13 5.10554695129 4.3903901577 5.34262800217 6.80593919754 5.83385491371 good
4  14 6.05400896072 6.46055698395 6.73650193214 4.57063293457 8.01793384552 good
4  15 5.73976492882 4.78639292717 5.46566390991 6.35013198853 5.14649701118 good
4  16 7.01911687851 4.68524193764 6.6649389267 8.006554842 4.64638614655 good
4  17 5.09249901772 3.62755703926 3.1079390049 5.13273286819 4.48355913162 good
4  18 6.01561903954 6.44100594521 6.52558994293 5.53092503548 6.44356608391 good
4  19 5.59859991074 6.22640490532 5.86695814133 7.13057780266 5.37567400932 good
5  1 0.476294994354 1.15010213852 0.893047094345 0.703001976013 0.912029027939 good
5  2 1.24174904823 1.36869716644 1.771930933 1.23825001717 0.958640098572 good
5  3 1.17732310295 0.885834932327 1.57164001465 1.13994884491 0.766263008118 good
5  4 1.01068210602 1.07401418686 1.5200920105 2.10487508774 2.28624486923 good
5  5 4.4279999733 5.02934503555 4.24279904366 3.26697516441 2.7548148632 good
5  6 2.80025792122 3.05606079102 2.34717607498 5.23517990112 5.27759480476 good
5  7 4.81085205078 3.65828895569 4.70306801796 3.60593795776 4.04281210899 good
5  8 3.98395800591 3.72079992294 4.53529286385 3.17547702789 3.78497314453 good
5  9 5.22758984566 5.22459197044 4.40852999687 4.95442986488 5.087266922 good
5  10 4.55737185478 4.75695705414 5.16288995743 3.56114721298 5.97245693207 good
5  11 4.16331195831 3.67042613029 4.17121601105 4.52642583847 4.45867586136 good
5  12 3.49699807167 3.87575793266 2.3577849865 3.8332529068 2.87954807281 good
5  13 8.36212897301 7.30740380287 8.09854984283 10.2614140511 10.6261739731 good
5  14 5.8825750351 4.87507104874 6.77040910721 9.44230413437 6.0462911129 good
5  15 8.67823410034 8.46017098427 7.26585292816 8.232213974 6.21628212929 good
5  16 4.96956205368 5.46164798737 4.81746602058 4.80552601814 5.20126700401 good
5  17 6.88353896141 6.44127202034 11.0963189602 11.3337380886 5.83207011223 good
5  18 7.92588090897 8.00343894958 12.2766880989 9.02357077599 9.2817671299 good
5  19 12.4369471073 13.4866120815 8.95442700386 10.4965269566 9.82306790352 good
6  1 0.700609922409 0.855931997299 0.601821899414 0.842959880829 0.951972961426 good
6  2 0.830710887909 1.41374015808 1.16944599152 1.81687784195 1.39111876488 good
6  3 1.07446217537 1.46976399422 0.991878986359 1.69333314896 0.897353172302 good
6  4 3.28378915787 3.29878592491 2.20598912239 3.32713103294 2.33502101898 good
6  5 2.48251700401 1.76247906685 2.15209913254 2.00436902046 2.03767085075 good
6  6 4.55346703529 3.89469003677 4.0403649807 4.42229986191 4.74993300438 good
6  7 2.33553695679 2.85926294327 3.59017705917 4.19345402718 2.85969209671 good
6  8 5.4893488884 6.28392505646 4.46730399132 5.12255191803 7.10228705406 good
6  9 9.69613099098 8.83385491371 9.17361307144 8.18428778648 6.47732019424 good
6  10 7.84747695923 5.44415283203 5.97192883492 6.55263209343 4.97623515129 good
6  11 7.08472681046 6.91667604446 12.1732671261 11.1926281452 10.5963580608 good
6  12 9.25836491585 6.30587005615 5.09270882607 8.53985095024 8.32517504692 good
6  13 9.60795092583 8.39422297478 8.54441809654 10.2607572079 11.1876149178 good
6  14 10.0712440014 8.63502311707 8.5051510334 8.54178500175 7.62801003456 good
6  15 5.42572402954 8.54744410515 7.71151399612 7.60134506226 6.0015540123 good
6  16 11.4060878754 10.6299598217 10.1712620258 12.7661600113 10.1782050133 good
6  17 6.75470495224 12.1757509708 6.22224593163 10.6555728912 14.7810208797 good
6  18 11.1271319389 9.6570110321 11.8748340607 12.3319671154 11.648195982 good
6  19 16.5106389523 12.451141119 11.9804940224 13.0273489952 13.3325641155 good
7  1 1.54437398911 1.73559999466 1.14495110512 1.90864801407 1.40216088295 good
7  2 1.73922395706 2.41974186897 1.47458291054 1.69026184082 1.3672709465 good
7  3 3.61524796486 3.2502849102 3.04179191589 2.57491278648 2.89106702805 good
7  4 4.57852602005 3.98994708061 4.33368396759 6.0741751194 4.66089606285 good
7  5 5.92828989029 5.25778698921 5.79360389709 6.02761411667 4.86555409431 good
7  6 4.77022099495 5.10167694092 4.48764491081 6.1663339138 6.48522782326 good
7  7 6.36868906021 5.13116407394 4.45426487923 4.86494517326 3.55621695518 good
7  8 8.39655184746 13.4192700386 9.98150396347 11.6427791119 11.098818779 good
7  9 9.7780520916 5.51157903671 7.46930599213 9.06804394722 7.36959695816 good
7  10 4.89011311531 6.49155807495 4.07183408737 5.47512102127 3.51319789886 good
7  11 11.0141689777 8.55581307411 9.35842609406 12.0988559723 9.74256181717 good
7  12 6.74385595322 3.63333296776 5.65150094032 4.89386606216 5.33273983002 good
7  13 11.5273740292 9.29550886154 6.69406795502 6.93557500839 6.78109407425 good
7  14 5.02499699593 5.32915186882 4.75334095955 5.23223304749 5.33168196678 good
7  15 6.34719204903 4.16133594513 4.40204501152 3.86124205589 4.03004002571 good
7  16 8.71793985367 8.1137650013 8.30956888199 8.91696000099 8.07089781761 good
7  17 6.85737013817 6.91456508636 6.25954890251 7.51734995842 7.06821990013 good
7  18 5.4593231678 5.37913894653 5.06306910515 5.29299998283 5.90015411377 good
7  19 10.1522741318 9.74239802361 11.7897970676 9.53293895721 10.330121994 good
8  1 0.477818965912 0.487275123596 0.465523004532 0.484853029251 0.478040933609 good
8  2 1.27340102196 1.24273300171 1.75602388382 1.29712891579 1.45715498924 good
8  3 1.26245093346 1.37563705444 1.18564510345 1.36733007431 1.17451000214 good
8  4 1.43617320061 1.67060804367 0.859106063843 1.32629513741 0.995382070541 good
8  5 7.36159110069 7.21531200409 5.13154411316 5.16928100586 4.81145596504 good
8  6 2.59817409515 2.86949014664 4.89329218864 5.1004550457 4.49435305595 good
8  7 4.88999700546 5.10168004036 3.84248900414 4.47510099411 3.86627602577 good
8  8 12.6094081402 11.9164581299 11.3248150349 9.67943906784 13.8274102211 good
8  9 5.93977212906 5.80189204216 5.33434081078 6.4160399437 5.4555170536 good
8  10 10.4652638435 10.1039299965 12.6289799213 10.6501669884 4.6709728241 good
8  11 14.2977731228 17.7385270596 14.0229239464 8.21385383606 8.44112801552 good
8  12 13.4734978676 12.0530209541 12.3998599052 10.4135761261 11.9446289539 good
8  13 7.35773396492 6.55937814713 7.95725989342 5.4289829731 5.02114081383 good
8  14 9.14321899414 18.13773489 18.7771029472 14.7410709858 16.6206190586 good
8  15 14.7814478874 14.3599600792 14.757570982 11.5931260586 15.1998810768 good
8  16 16.3734009266 23.3408429623 20.6076278687 19.9236109257 24.4379239082 good
8  17 21.195720911 18.5449209213 24.9144380093 19.6576850414 25.0748751163 good
8  18 13.5674309731 13.5790369511 8.63235187531 10.1480419636 14.3496060371 good
8  19 12.6904029846 23.1664960384 19.6103889942 21.0813999176 22.4583120346 good
9  1 1.10297989845 1.1019179821 0.944413900375 0.963418006897 1.99857091904 good
9  2 3.70227503777 1.97464990616 1.01575994492 1.78101086617 1.69297194481 good
9  3 4.14097213745 4.31729388237 3.62878084183 4.1519048214 4.92071795464 good
9  4 8.38387513161 8.65356397629 10.5458071232 6.86810207367 9.33139610291 good
9  5 10.5413351059 9.28499102592 11.3511271477 7.75690507889 11.1418821812 good
9  6 15.2579550743 13.9502809048 10.1074340343 11.0947999954 12.3394570351 good
9  7 7.28440189362 7.98425197601 9.36351394653 8.76294183731 10.3934879303 good
9  8 5.9886610508 10.9676940441 7.39316606522 7.02149200439 5.5789539814 good
9  9 10.1899850368 17.2231199741 12.354088068 14.8536200523 13.0674510002 good
9  10 14.1205720901 15.0094809532 10.2073829174 12.3506798744 14.9444918633 good
9  11 16.090446949 14.7506940365 18.3292040825 17.9661839008 18.1025230885 good
9  12 11.7944400311 12.644659996 12.0828769207 10.7890808582 12.6955358982 good
9  13 18.3496191502 18.5002720356 19.9684720039 21.039935112 19.0848350525 good
9  14 14.6825828552 10.6974890232 9.37244510651 9.58096599579 17.8602871895 good
9  15 14.3546020985 16.514125824 19.4262001514 13.2377018929 12.6294920444 good
9  16 13.5354168415 16.2564890385 17.1809020042 13.7775650024 11.8294990063 good
9  17 29.0265159607 30.4299550056 21.2519860268 23.6358289719 30.4791698456 good
9  18 28.0307331085 30.6664099693 25.8221771717 27.3076591492 28.5850958824 good
9  19 24.5163118839 25.4901521206 21.3029549122 19.6955711842 22.6974411011 good
10  1 1.98659205437 0.901293039322 0.68675994873 0.657727956772 1.08105802536 good
10  2 1.01786804199 1.12636899948 1.05461788177 1.02817583084 1.01695394516 good
10  3 1.43013811111 1.96980595589 2.60979199409 2.22129702568 1.92000603676 good
10  4 3.6575858593 6.21505713463 4.4755051136 4.92053413391 7.17127895355 good
10  5 13.4834420681 14.5934820175 12.0719459057 13.936166048 13.8338849545 good
10  6 12.8355829716 11.0544919968 16.24041605 13.3417708874 18.3764388561 good
10  7 8.24352288246 6.83760094643 7.261977911 5.89655280113 7.74230885506 good
10  8 19.0144901276 13.7613351345 13.7116861343 9.36447691917 14.4600310326 good
10  9 11.6150891781 12.5965030193 8.68836212158 11.357378006 8.16303396225 good
10  10 9.49425601959 12.9493401051 12.3548848629 6.87909603119 8.79367995262 good
10  11 8.36656308174 8.71129393578 10.3791329861 9.61456894875 7.57947087288 good
10  12 6.19074320793 8.72330498695 10.512526989 12.2880020142 8.33740496635 good
10  13 16.4335229397 25.6375319958 28.3117098808 23.1469209194 22.8526439667 good
10  14 21.5275061131 19.0563321114 17.0128359795 17.4559130669 21.5524961948 good
10  15 14.5230441093 11.3344619274 16.2353889942 17.7341330051 11.9627549648 good
10  16 19.359992981 21.1127181053 19.6205749512 27.8402609825 26.9547460079 good
10  17 33.3236470222 12.118833065 10.6361079216 25.2452881336 11.606359005 good
10  18 9.76661896706 9.16285896301 10.8871748447 9.75197696686 9.94026112556 good
10  19 12.2093138695 13.4409170151 12.7259058952 13.125453949 18.3303768635 good
11  1 3.24132108688 2.9032959938 3.58657813072 4.00195193291 4.62698507309 good
11  2 4.81466412544 4.87672996521 4.33432197571 4.77661800385 3.9030110836 good
11  3 7.04935097694 6.54092097282 7.41304898262 6.93188905716 6.50670790672 good
11  4 11.5596930981 10.1319420338 7.46523785591 7.55519890785 7.71648001671 good
11  5 6.25450897217 6.40641307831 6.39957094193 6.29400992393 6.43529295921 good
11  6 9.57987308502 11.0641269684 9.99335098267 8.07128000259 4.79644799232 good
11  7 13.1485419273 8.62496209145 22.1615991592 36.2427780628 31.8058011532 good
11  8 15.3369240761 15.9418261051 15.1355519295 15.606662035 15.0991959572 good
11  9 23.13595891 13.4122891426 12.4829940796 12.3927128315 19.8623189926 good
11  10 26.1615879536 25.7182691097 25.9015650749 24.4315760136 24.5727550983 good
11  11 16.7019228935 17.8930721283 9.76957583427 10.7984230518 16.755286932 good
11  12 14.3461139202 20.6422560215 27.0250508785 26.1242671013 25.4425518513 good
11  13 22.6500730515 32.6130130291 27.0920698643 29.0161230564 13.0306098461 good
11  14 8.42514204979 7.78600311279 8.68642997742 8.05426096916 7.98523187637 good
11  15 13.6555008888 14.1315600872 14.5018618107 13.1195750237 18.8168399334 good
11  16 8.84137010574 11.4391348362 9.57469010353 9.09196996689 8.96789097786 good
11  17 13.7507679462 13.6995999813 12.9711658955 13.5248961449 13.8383500576 good
11  18 22.4926669598 29.5636529922 28.445702076 22.2136099339 13.902368784 good
11  19 17.4463629723 31.5532159805 28.7712881565 14.4271070957 14.1389989853 good
12  1 0.910483121872 0.91841006279 0.88377404213 0.908671855927 0.899137020111 good
12  2 1.735049963 1.55704498291 1.45898795128 1.50544691086 1.46699500084 good
12  3 2.80398988724 2.76387286186 2.74944901466 2.76103997231 2.71387195587 good
12  4 4.94058704376 4.63274002075 4.6676568985 4.70589709282 4.3125679493 good
12  5 3.76257419586 3.46013498306 3.98721694946 3.70379495621 4.2597360611 good
12  6 6.21405005455 8.23144602776 10.8493621349 6.23126602173 6.17248606682 good
12  7 8.21397805214 8.88951206207 11.9256100655 19.8608071804 5.82560396194 good
12  8 12.3305559158 40.9982330799 30.0618379116 25.037760973 23.0193240643 good
12  9 26.9490251541 13.9606311321 13.3324780464 13.8995368481 13.8257730007 good
12  10 8.75475907326 8.85168290138 9.21157979965 9.04493093491 8.97092795372 good
12  11 6.98259806633 7.30672287941 7.19211697578 7.56859707832 10.236230135 good
12  12 17.2885050774 21.0580029488 16.1342430115 11.8264160156 11.742980957 good
12  13 8.85380005836 8.41082692146 15.7836019993 11.2573449612 10.8878259659 good
12  14 41.4704220295 20.3646988869 40.2648291588 26.5547089577 19.9734330177 good
12  15 13.7823090553 10.1767699718 10.5703389645 13.4032728672 18.8057661057 good
12  16 30.6621320248 30.7982039452 29.0609281063 29.3337869644 28.8312938213 good
12  17 27.1774861813 25.9249739647 26.1517779827 25.9407739639 25.9900829792 good
12  18 31.1100158691 28.8838040829 31.33182621 30.1248679161 30.6932029724 good
12  19 57.6860129833 29.8521969318 32.2360389233 29.8474419117 56.0691268444 good
13  1 6.46805000305 5.3828060627 10.9181959629 10.7955620289 11.566381216 good
13  2 7.06357598305 7.93334317207 6.14492607117 2.51066613197 2.1352789402 good
13  3 4.05684494972 5.53688812256 4.92823886871 5.50343108177 4.5463681221 good
13  4 10.6618130207 9.04572987556 7.49558711052 8.24358320236 4.76639604568 good
13  5 5.73445510864 5.32771205902 5.9871878624 5.78869199753 8.86333990097 good
13  6 6.01693701744 12.246970892 10.2975101471 13.0440680981 9.12390398979 good
13  7 10.6544589996 12.2286098003 10.4557538033 12.1533129215 12.0590269566 good
13  8 16.2180688381 13.4280719757 29.1254808903 14.3425049782 14.379668951 good
13  9 22.6618421078 13.5661070347 16.4611837864 22.9800419807 11.9427518845 good
13  10 8.90041303635 8.80034899712 9.0424349308 8.79942297935 9.37644219398 good
13  11 20.8622338772 22.5196750164 29.4516220093 20.5786390305 21.3944430351 good
13  12 30.895275116 55.5920591354 29.2215259075 29.6556360722 18.0751929283 good
13  13 21.1535098553 21.0014970303 20.1282260418 30.998470068 23.1543869972 good
13  14 36.9589731693 42.3194389343 52.2383179665 46.821862936 40.030506134 good
13  15 11.5366449356 25.0728650093 26.661164999 25.690598011 27.6499378681 good
13  16 29.7718999386 20.3875689507 30.316026926 23.6047270298 19.1199939251 good
13  17 27.5782940388 26.0470349789 25.9291889668 28.8639018536 55.3511819839 good
13  18 34.3756139278 33.1529099941 35.7355110645 32.2544858456 32.8457100391 good
13  19 30.1864249706 30.2257120609 60.0815739632 58.8128950596 53.3255479336 good
14  1 31.0008480549 32.7169220448 34.5586369038 26.7639029026 31.0669460297 good
14  2 9.51512789726 8.31072402 10.0863668919 16.7502229214 16.8081111908 good
14  3 15.38022995 14.3690071106 15.455010891 14.7340481281 15.4540789127 good
14  4 17.8232040405 17.3388512135 16.4566349983 16.1440410614 14.5470299721 good
14  5 24.1200499535 26.4567830563 24.2134850025 17.4753780365 27.0204751492 good
14  6 18.4128360748 15.1031289101 11.6108469963 7.47354602814 7.64220190048 good
14  7 7.96718287468 7.55080080032 13.9494128227 15.1046800613 8.39003181458 good
14  8 6.73213410378 7.15981793404 7.18119502068 7.03075695038 7.28245306015 good
14  9 12.5954618454 12.8199429512 12.7371668816 13.0950939655 12.868885994 good
14  10 20.1488041878 19.7316219807 29.2359700203 39.602009058 41.6911790371 good
14  11 24.8529567719 26.0428102016 23.8446598053 23.3456118107 24.4195818901 good
14  12 22.688544035 21.633204937 21.379650116 20.6588201523 21.6298270226 good
14  13 32.1173579693 35.858590126 32.6632471085 30.9862210751 31.9512519836 good
14  14 61.6663680077 56.1710939407 55.1782369614 58.8284330368 57.6845829487 good
14  15 28.2226209641 26.2952098846 40.2147610188 53.9959518909 49.2305600643 good
14  16 45.0464129448 49.3174490929 54.1884179115 54.3542430401 53.6604399681 good
14  17 136.910052061 112.943011045 138.04626894 101.626533031 68.3365409374 good
14  18 41.7073361874 37.7429170609 40.4844100475 40.2979500294 43.4251799583 good
14  19 61.0298659801 65.7242281437 57.3641550541 57.9521448612 59.4455039501 good
15  1 2.69398498535 2.65171003342 2.71371603012 4.63536000252 2.66019487381 good
15  2 5.61399388313 4.91268920898 10.8188951015 7.47072005272 7.53033995628 good
15  3 17.7913370132 17.5305099487 18.9985878468 20.5163099766 18.1994638443 good
15  4 16.4865498543 10.7826170921 4.05898404121 4.4372549057 4.33864998817 good
