2 0.121287107468 0.124761104584 0.251616001129 0.0964109897614 0.0672340393066 good
3 0.10266494751 0.102256059647 0.102028131485 0.11301112175 0.105236053467 good
4 0.101260900497 0.1052069664 0.106976985931 0.109309911728 0.105180978775 good
5 0.12749004364 0.132769107819 0.129827976227 0.126474142075 0.13797211647 good
6 0.159750938416 0.159623861313 0.167155981064 0.159853935242 0.173645019531 good
7 0.436058044434 0.807279109955 0.708861112595 0.707267999649 0.832314014435 good
8 0.608130931854 0.933134078979 0.535673856735 0.837908029556 0.556557178497 good
9 1.47719812393 1.27643799782 1.39846682549 0.774033069611 0.997079133987 good
10 0.631659030914 0.632112979889 0.5189909935 0.988286972046 1.26583504677 good
11 1.02156400681 0.93604516983 0.782823085785 0.404142141342 0.408812999725 good
12 0.986439943314 1.0944890976 0.483891010284 0.900985002518 0.455343961716 good
13 0.530055999756 0.541728973389 0.521025896072 0.51350402832 0.552309036255 good
14 1.03126883507 1.43570995331 1.83313989639 2.07312083244 1.88134384155 good
15 1.31958222389 1.55053710938 1.69671916962 1.28238987923 0.625112056732 good
16 0.741061925888 1.57934188843 1.68342804909 1.53665590286 1.50830101967 good
17 2.03450894356 2.30457401276 1.71863818169 1.39041304588 2.01994419098 good
18 1.19492101669 1.79576301575 2.25294303894 3.0785651207 3.5891020298 good
19 4.32937288284 4.45722389221 3.23052215576 3.73035383224 3.89341187477 good
20 3.48736214638 2.94073915482 2.94897794724 3.84383296967 3.30957698822 good
21 4.49248099327 8.3970079422 6.61158895493 5.22135615349 5.67408108711 good
22 7.03573203087 6.37022900581 4.30214881897 3.88981199265 6.25805592537 good
23 8.05658316612 8.3438410759 8.04082489014 7.41615700722 9.5282959938 good
24 6.16327285767 3.58487296104 4.09642195702 5.77701687813 5.98821306229 good
25 7.10547208786 4.48383712769 6.82932806015 6.0644390583 5.99637198448 good
26 9.44379115105 8.41914606094 8.87928295135 6.96258091927 8.03475809097 good
27 7.73285698891 7.00645112991 7.12668013573 4.95713019371 6.36213994026 good
28 13.1181919575 11.6511831284 13.2969768047 12.3332428932 13.6960139275 good
29 6.96612596512 5.84785795212 5.17801308632 5.29396891594 8.45630908012 good
30 9.89626288414 11.8567700386 8.30080199242 10.9902720451 11.5293970108 good
31 9.11751914024 8.88568091393 8.34847211838 9.66906905174 8.9980700016 good
32 11.1854569912 8.68658018112 7.74596786499 10.7679300308 7.7559800148 good
33 21.9101040363 17.9652581215 23.0961859226 21.9466280937 24.6908841133 good
34 11.5297219753 13.3232219219 13.8653299809 13.7368109226 10.6487579346 good
35 9.20929288864 12.3598539829 12.1961510181 12.1403009892 10.3239459991 good
36 11.2303719521 10.164596796 15.1981818676 15.0057790279 16.2734029293 good
37 13.8146150112 12.5936901569 10.9952280521 15.7288110256 12.983520031 good
38 13.6325118542 15.8620688915 16.1214261055 14.1482059956 11.5395550728 good
39 14.7497098446 15.3036038876 14.3490879536 13.2191989422 12.8849868774 good
40 15.8201930523 14.5382051468 13.1219058037 16.169533968 15.6597571373 good
41 18.7895421982 19.9407169819 15.9975271225 14.5593419075 22.0930371284 good
42 19.1185920238 20.5348720551 16.6826601028 15.4142920971 18.0003170967 good
43 257.757117033 224.129371881 231.132605076 247.440448999 240.986566067 good
44 20.4300429821 20.917937994 25.8989200592 18.4880950451 17.0521109104 good
45 32.4923620224 20.4363260269 19.670361042 17.5546410084 20.8883180618 good
46 11.7935860157 11.1853990555 11.075111866 11.1575629711 11.5673849583 good
47 14.6162221432 15.1469359398 14.916738987 14.7304201126 14.7467858791 good
48 15.2718319893 15.388725996 16.4519820213 28.6166820526 32.1110730171 good
49 30.2520089149 29.3565781116 33.5024530888 22.8274610043 24.8593850136 good
50 23.9979119301 26.728728056 27.7960090637 27.8226571083 27.265556097 good
51 40.1153438091 34.6241209507 28.6497218609 38.959624052 39.7323498726 good
52 27.8716781139 29.9921429157 27.8809649944 27.8901109695 30.4521310329 good
53 49.3345661163 41.8974690437 39.7046570778 43.923429966 41.9799489975 good
54 27.3889241219 30.0401649475 25.9620690346 33.0898191929 33.3768389225 good
55 34.8385190964 36.4827408791 34.1663408279 33.3820509911 33.0709609985 good
56 84.4391970634 79.0052671432 68.7664029598 78.334086895 80.0879900455 good
57 34.3751049042 36.2034561634 36.1842401028 38.876513958 34.0388829708 good
58 40.3137171268 37.1851739883 31.5068819523 39.0392057896 37.5524580479 good
59 53.8307001591 52.5371999741 50.4509439468 54.7438950539 46.1967480183 good
60 36.8693940639 35.968200922 36.9171869755 33.7358179092 27.5275812149 good
61 60.3793029785 59.6804001331 64.5645499229 61.5100369453 71.283905983 good
62 57.3279988766 56.7391419411 36.6251709461 48.2853169441 64.0053780079 good
63 48.8810429573 53.9323270321 48.3179030418 39.851624012 43.501500845 good
64 45.7350070477 55.5662178993 44.3117439747 56.6125528812 68.2766191959 good
65 76.3870308399 55.665541172 38.7313759327 49.1418418884 32.5825271606 good
66 32.5322740078 31.1467938423 62.7708480358 65.6465740204 56.2238419056 good
67 48.12342906 82.1540408134 58.2861170769 81.3986611366 60.0121059418 good
68 70.533798933 49.0841679573 95.0697309971 43.5679409504 61.6374239922 good
69 60.7935140133 50.0640990734 60.8886110783 59.8279612064 39.8282680511 good
70 62.1489191055 66.4461541176 84.3791868687 70.2681441307 115.279417992 good
71 118.431892872 112.181141853 48.1324779987 53.7968549728 99.2006678581 good
72 128.141373158 88.7389729023 67.070499897 64.5610799789 63.1928811073 good
73 75.7054040432 66.1231749058 36.7838189602 75.1717031002 42.088381052 good
74 38.847162962 80.3541128635 123.137042999 36.7750849724 107.606681108 good
75 110.357855082 69.726583004 33.4488310814 49.2917730808 57.1774070263 good
76 86.6221778393 172.879768133 131.123211861 171.867313147 166.209510088 good
77 96.0294129848 72.514895916 69.0931169987 91.4467718601 76.2869181633 good
78 89.465916872 87.4723420143 63.8361070156 64.6365728378 44.6430428028 good
79 60.1137378216 75.3116378784 64.1036760807 71.187869072 80.4317598343 good
80 64.1839251518 57.6403470039 54.1757237911 40.3742818832 46.2010979652 good
81 76.1395859718 78.1412549019 102.572173119 174.958827019 136.90643096 good
82 119.700968027 114.418198824 122.234968901 101.847517967 95.7572638988 good
83 103.472315073 115.097895145 102.540696859 76.4626100063 73.1745240688 good
84 74.076731205 77.3464019299 66.0442111492 91.9911520481 50.022441864 good
85 53.0462651253 67.1038639545 111.734575987 74.458976984 50.6959691048 good
86 43.9352622032 69.4739358425 102.751913071 93.1964030266 172.682080984 good
