2 4.76077198982 1.19220709801 1.06554293633 1.74702501297 2.37584209442 1.34320902824 1.98431897163 1.34780287743 1.53108215332 1.84212207794 good
3 3.58644890785 5.77294516563 2.03645014763 3.09781599045 2.58580088615 3.94786119461 3.67878603935 10.7101709843 3.83876395226 5.11199808121 good
4 13.8283071518 4.36796379089 17.4243469238 10.6925618649 14.9891569614 15.3633270264 12.0069630146 6.67368102074 4.33355402946 8.80286192894 good
5 10.6558361053 11.4469709396 8.23423600197 26.4748010635 29.3704090118 24.8345329762 22.0682990551 13.6672639847 23.7080790997 18.3409869671 good
6 44.2746779919 15.1684420109 31.267745018 35.8578088284 23.2806038857 51.5764610767 14.906785965 33.0957140923 15.9081499577 15.5655560493 good
7 250.980509996 98.161026001 193.27736187 38.4787180424 94.7320179939 29.0339179039 177.660531998 283.493148088 96.7521548271 43.3412809372 good
8 132.159818172 604.473228931 1659.36989903 49.705794096 41.7031669617 144.554625034 58.8913109303 35.6801829338 63.3259329796 106.36519599 good
9 54.4852941036 529.18493104 166.654829979 322.154175997 150.640388966 66.2106730938 32.9726839066 63.0180399418 114.063174009 212.546561956 good
10 145.303129911 140.11000514 136.164395094 168.249953032 186.780702114 455.395107031 109.375735044 592.02197504 102.347718954 295.616728067 good
11 176.659085035 225.145107985 24465.3025429 306.022135973 1878.38618207 1046.03617787 14182.855155 664.706945896 245.668545008 155.780947924 good
12 166.63327384 7506.49450612 119.190941095 823.577346087 170.422981977 937.117197037 1072.87811279 8158.66333795 182.473895073 1865.24538016 good
13 171.477274895 1451.23745799 198064.47235 1567.4280529 405.010375023 872.82495594 319.527232885 691.700910807 1587.50390387 6510.72930908 good
14 3380.5577929 4344.09709001 1219.53753591 2150.32448101 2079.17100096 413.811475039 365.028968811 1837.72795916 568.040216923 715.280346155 good
