2 0.129269123077 0.130190134048 0.130337953568 0.138540029526 0.131612062454 good
3 0.238018989563 0.22426199913 0.237756967545 0.227653026581 0.216439008713 good
4 0.204216003418 0.209894895554 0.206251859665 0.210686922073 0.199647903442 good
5 0.247506141663 0.247210979462 0.269979953766 0.261947870255 0.144377946854 good
6 0.160375118256 0.159564971924 0.156694889069 0.158630132675 0.192091941833 good
7 0.422322034836 0.331226110458 0.340671062469 0.333354949951 0.335895061493 good
8 0.23145198822 0.457880973816 0.471029996872 0.503393888474 0.473392009735 good
9 0.58394408226 1.15839600563 1.11900496483 0.707200050354 0.642121076584 good
10 0.644900083542 0.734915018082 0.664263010025 0.691559076309 0.650866985321 good
11 0.806262016296 0.820792913437 0.805217027664 0.834438085556 0.793898105621 good
12 0.942847013474 0.932021141052 0.934032201767 0.890346050262 0.938094854355 good
13 1.03640508652 1.07275390625 1.09205007553 1.07810902596 1.05862188339 good
14 1.46518993378 1.39660406113 1.42159295082 1.53811311722 1.72809791565 good
15 1.43276405334 2.23224711418 2.17640900612 1.48318791389 1.61424899101 good
16 2.03821587563 2.08959507942 1.84363698959 2.43282008171 2.21676206589 good
17 2.32984900475 3.27069687843 2.3389339447 2.33304286003 2.85441803932 good
18 3.75278496742 3.82877993584 3.8090159893 3.03188300133 3.43685293198 good
19 2.884111166 3.78469800949 2.93666291237 3.85918188095 3.56651306152 good
20 2.88027119637 4.61731004715 4.68913698196 3.32644104958 2.36569690704 good
21 8.53606295586 6.83821105957 6.19650101662 6.94972896576 8.22823596001 good
22 6.70790886879 5.41193294525 6.6586959362 6.1423060894 6.76119995117 good
23 6.68769097328 8.97531485558 6.91015505791 6.03076100349 7.22672200203 good
24 5.23494887352 4.6476688385 4.18507194519 4.39724779129 4.94589996338 good
25 5.46870994568 5.26572704315 6.49252295494 6.02927899361 4.42072105408 good
26 7.55148816109 8.81932210922 10.5333390236 7.12701106071 6.11973404884 good
27 6.90105104446 4.21289396286 8.05226111412 7.78144693375 6.83709597588 good
28 10.6891040802 14.1206719875 11.4096109867 12.2917361259 11.6612539291 good
29 5.99137997627 5.47611904144 7.15587091446 4.66981291771 6.20363306999 good
30 9.58567595482 10.0628550053 8.64999198914 9.64326715469 9.02917790413 good
31 9.89636993408 9.02136611938 8.69402003288 6.55869197845 10.2547550201 good
32 10.1715641022 9.88465189934 10.1371500492 13.7259809971 12.1647560596 good
33 17.982432127 22.3445551395 21.5060408115 19.8458659649 17.4814560413 good
34 10.2066991329 12.8161640167 10.453840971 12.2502498627 10.0956599712 good
35 9.94228887558 14.5134909153 12.4596960545 10.4057409763 11.2997248173 good
36 11.3316390514 11.3161211014 11.3959219456 10.6419329643 10.7292468548 good
37 12.7275190353 15.3266849518 13.4781529903 14.1828980446 12.1549210548 good
38 9.68137693405 13.4051351547 11.3725640774 11.2092471123 12.5777649879 good
39 17.2556600571 10.8381209373 10.8571100235 11.8292911053 12.7877268791 good
40 17.247081995 23.834125042 17.8369240761 19.1069619656 16.5579020977 good
41 11.927793026 13.9695088863 13.3127889633 13.648047924 15.4777579308 good
42 17.3728380203 16.8354160786 13.6148409843 18.3700578213 18.3515598774 good
43 258.113135099 273.29763484 256.26711297 246.51930809 275.297028065 good
44 19.9849560261 24.8836200237 20.2051489353 13.0598840714 10.5660300255 good
45 19.8740448952 19.6587491035 20.0168640614 19.9819948673 19.9706819057 good
46 11.1040480137 13.1456329823 10.9946801662 12.4240150452 10.9831328392 good
47 14.8420479298 14.5233690739 14.5186989307 14.6331300735 14.3626680374 good
48 19.1282148361 30.338809967 21.9493830204 16.8472440243 13.6851360798 good
49 18.5315029621 29.4607400894 14.7691922188 20.9386210442 24.3741021156 good
50 25.7559947968 26.9948599339 26.1244800091 25.9216499329 24.6445970535 good
51 39.334002018 35.1832950115 22.0128979683 45.3733620644 37.466244936 good
52 29.2756810188 27.5262730122 31.9180560112 26.4156899452 38.5458340645 good
53 42.2352390289 44.3161079884 48.1928429604 55.216933012 52.132409811 good
54 29.2955629826 30.4928147793 36.5995819569 34.8484089375 34.573089838 good
55 36.4849309921 31.767758131 29.6144268513 34.0333669186 29.4608359337 good
56 72.1923339367 72.6809778214 79.8197510242 91.7610259056 80.8652641773 good
57 33.9517168999 35.9249470234 32.8965940475 29.3902020454 31.150881052 good
58 34.046184063 36.7249538898 38.855807066 34.0899910927 36.037145853 good
59 46.9213871956 54.1547031403 58.2348480225 53.57741189 50.9429931641 good
60 39.1297988892 30.7252089977 44.5598289967 36.759428978 32.0554029942 good
61 63.0737400055 79.4473991394 76.2131240368 63.6661450863 80.0673899651 good
62 58.9707109928 51.4744799137 51.5232160091 60.5551290512 67.4983589649 good
63 33.6595051289 42.4151070118 29.711425066 37.6243281364 50.937887907 good
64 30.0162489414 25.9077739716 26.4311811924 50.095263958 24.1620998383 good
65 54.3712880611 66.4108960629 27.0429739952 36.7347300053 35.916492939 good
66 49.2344880104 43.0122499466 58.1000039577 34.5591039658 25.0986540318 good
67 73.9395320415 50.4838280678 86.6732480526 77.50623703 80.9454290867 good
68 82.2836508751 149.957842827 117.576925039 94.6059889793 91.7255239487 good
69 61.7469470501 64.727419138 72.029927969 51.6741039753 30.5570189953 good
70 32.5128648281 32.7134687901 60.6582820415 43.2081549168 66.2870340347 good
71 65.3842749596 68.9481999874 66.4876570702 64.6864759922 69.7789170742 good
72 64.2499880791 65.186095953 30.4247660637 31.0816869736 58.7208340168 good
73 34.6630439758 65.8685879707 65.4722521305 65.8054640293 65.0192818642 good
74 72.6658802032 65.6095459461 66.3289849758 72.2459621429 69.6349859238 good
75 67.9654691219 68.9208869934 103.827435017 109.863178015 43.7300388813 good
76 141.99946785 255.071711063 264.597050905 127.741344929 79.6516389847 good
77 38.7714538574 37.9189238548 38.1051239967 36.9156720638 61.0255310535 good
78 64.9462239742 72.8709681034 96.654253006 73.0362529755 45.4836258888 good
79 46.1365799904 70.8386700153 69.5896370411 57.923443079 80.9645738602 good
80 52.099189043 40.6849589348 77.6671698093 54.0155460835 48.8519690037 good
81 89.2158679962 97.4438710213 84.9435620308 72.057505846 79.0680198669 good
82 46.2170810699 75.4149758816 99.1700530052 64.9046418667 43.010363102 good
83 104.89095211 55.0845899582 89.1586601734 121.417458057 136.843893051 good
84 96.6817040443 78.3230338097 57.314786911 48.2975780964 49.254696846 good
85 57.3947169781 76.3414411545 194.094554186 165.83428216 97.497369051 good
86 133.593744993 113.913599014 64.4368519783 78.4276790619 93.4130661488 good
87 103.018208981 109.756143808 111.393931866 116.965102911 52.1770811081 good
88 169.741111994 185.575388908 127.910717964 107.163638115 86.7063090801 good
89 74.1765789986 63.8290469646 78.1289739609 90.8302919865 65.5357949734 good
90 101.061437845 107.111770868 107.378606081 187.000191927 197.374575138 good
91 66.0328280926 160.758786917 129.659247875 71.9712078571 80.1168467999 good
92 179.478330851 160.76948905 126.518785954 129.359139919 187.330182076 good
93 112.019490957 189.337552071 229.646299839 168.951074123 129.977759123 good
94 206.676644087 114.433896065 72.790678978 65.881551981 88.9261088371 good
95 84.1262168884 93.2874360085 114.506223917 86.0053589344 82.7134819031 good
96 413.976530075 283.013311863 300.049916983 273.744498968 422.463202953 good
97 151.301136971 139.026667118 143.842368841 146.481472969 135.360415936 good
98 114.461108923 119.097054005 140.091583014 180.122349024 90.2807409763 good
99 63.1943640709 153.574482918 116.939898968 97.1345081329 75.8632199764 good
100 67.8765368462 67.9593808651 63.3596980572 93.4306209087 232.273627043 good
101 160.108804941 133.058869839 102.849575996 140.086330891 144.035887003 good
102 121.666435003 74.6035220623 74.9669799805 82.1307249069 140.181450129 good
103 144.495110035 295.350893021 283.223661184 244.615852118 225.335258007 good
104 127.632615089 156.203891993 135.399970055 141.092911959 97.2623560429 good
105 88.9401609898 80.9745099545 130.083560944 95.477463007 143.535140038 good
106 301.573226213 327.746623039 462.501621008 588.850108862 258.417750835 good
107 441.23471117 388.203971863 385.67244792 400.729088068 392.902936935 good
108 79.3428218365 82.8387238979 80.8431007862 84.5295979977 80.5785598755 good
109 84.5875890255 85.9194660187 91.3594350815 95.5015199184 87.9704909325 good
110 117.127166986 125.463252068 126.999714136 121.419168949 116.078933954 good
111 188.281347036 228.241428137 196.086387873 185.162091017 187.611440897 good
112 343.629580975 315.911420822 302.732215166 324.230618954 298.44156909 good
113 92.572838068 93.012909174 99.4376440048 98.0819849968 135.88752389 good
114 222.970691919 251.938217878 247.472769976 246.787056923 201.425575972 good
115 256.991821051 217.94197011 195.138036966 228.457653999 214.546564102 good
116 129.161540985 137.82351613 126.628718138 160.494218111 124.559088945 good
117 117.27273488 111.696985006 107.998231888 106.09831214 115.957391977 good
118 113.753341198 125.510123014 115.995307922 140.986647129 180.466812134 good
119 162.98751092 121.97560215 103.319453955 121.739778996 113.690042019 good
120 121.290951014 111.809863091 115.873794079 125.240380049 150.735778093 good
121 253.625137091 282.034442186 263.83950305 249.038777828 423.423282862 good
122 254.531411886 252.142986059 400.890192986 253.555495977 242.026460886 good
123 150.216595888 165.554490089 160.972469091 381.553197145 399.768131018 good
124 284.459058046 278.871925116 306.560276031 308.633999825 288.206871986 good
125 238.45720005 198.002610207 210.906369209 207.07584691 217.708097219 good
126 135.947021008 126.795435905 121.592063904 128.600159168 128.373874903 good
127 127.223027945 127.375598907 124.980336905 125.651899099 126.686102867 good
128 142.057896852 127.634792805 130.813735008 130.066208124 133.290743113 good
129 134.932911158 131.654458046 142.858654976 142.572418928 136.088329077 good
130 271.781518936 308.121553898 250.703684092 270.208781004 352.656274796 good
131 130.46272707 133.000724077 138.818160057 214.493169069 199.74309516 good
132 327.712704897 192.237529039 211.262778044 163.235806942 180.062433004 good
133 326.151306868 361.794979811 284.042891026 290.978517056 379.007562876 good
134 255.641405106 242.141449213 267.87463212 229.299167156 216.14587903 good
135 280.443485975 270.760908127 414.188455105 381.772983789 375.021114111 good
136 242.924653053 279.044209003 362.453693867 252.887729883 232.596282959 good
137 156.982355118 172.034124136 282.072191954 172.877028942 158.637023926 good
138 240.432997942 167.828683138 176.274642944 157.071427107 153.773149967 good
