2 0.141473054886 0.127372980118 0.120913982391 0.12418794632 0.132631063461 good
3 0.195070028305 0.195840835571 0.18831205368 0.189352989197 0.190254926682 good
4 0.188300132751 0.202954053879 0.216470003128 0.308339834213 0.200251102448 good
5 0.347012996674 0.348628044128 0.312679052353 0.347769975662 0.340250015259 good
6 0.521790027618 0.161995172501 0.162582159042 0.15696310997 0.162716150284 good
7 0.334007978439 0.341989040375 0.331548929214 0.342360019684 0.334384918213 good
8 0.24674987793 0.232029914856 0.233921051025 0.234499931335 0.237763166428 good
9 0.343384027481 0.693947076797 0.599442005157 0.598234891891 0.583471059799 good
10 0.456844091415 1.0883409977 2.10481381416 1.05690598488 0.827287197113 good
11 0.828853130341 0.806730031967 0.814319133759 1.1681470871 0.814531803131 good
12 1.0022919178 0.932677030563 1.03561496735 1.48906898499 0.954984903336 good
13 1.28025913239 1.05086612701 1.49759197235 0.6772108078 1.35356783867 good
14 1.41116189957 1.55006980896 0.693906068802 1.43414783478 1.59783887863 good
15 1.40711402893 1.13501000404 0.632434844971 0.62966799736 1.293394804 good
16 2.22270202637 1.0692820549 1.3775510788 1.85416483879 1.83538889885 good
17 1.21768116951 1.97648501396 1.90654301643 1.77971410751 1.73002290726 good
18 2.00988912582 2.94675397873 2.08011317253 1.37268996239 2.10181307793 good
19 3.18892097473 4.16517710686 3.65764904022 4.07252216339 2.47475290298 good
20 3.14401888847 3.02684378624 3.4285299778 4.11397194862 2.9742000103 good
21 7.02294516563 6.7263109684 4.71234893799 5.34820389748 6.3631670475 good
22 7.145414114 6.67052197456 7.96052479744 6.6103310585 4.58417582512 good
23 8.99193191528 7.01103496552 8.48491001129 7.8210940361 8.70535111427 good
24 6.38238501549 5.17291784286 6.49762487411 6.16820883751 4.2282781601 good
25 6.89899706841 6.71207284927 6.20434713364 6.23702001572 8.8317668438 good
26 8.27353310585 8.61758589745 9.3443031311 9.1584379673 11.4313540459 good
27 8.88351416588 7.2489168644 8.32754898071 7.2122797966 9.38227820396 good
28 13.6068298817 13.1480898857 9.4049050808 12.8363668919 9.65961384773 good
29 8.83527898788 6.84746479988 6.16179203987 8.87651896477 8.23145890236 good
30 9.19963407516 10.9032461643 7.40267896652 10.2576670647 7.81556200981 good
31 7.42469596863 9.73680996895 9.99275994301 8.70573616028 7.80110406876 good
32 10.0761089325 9.25988292694 9.14716982841 9.24122309685 8.70348095894 good
33 19.5732250214 21.7100908756 19.4048099518 24.0047280788 24.4213950634 good
34 10.4810070992 11.1957900524 13.0544018745 12.7371520996 12.2159059048 good
35 11.9131162167 9.83715319633 10.2055540085 13.1944220066 12.6201410294 good
36 11.5667421818 11.2130360603 10.9084320068 10.7885408401 10.59766078 good
37 12.8816459179 13.6419508457 12.764934063 11.1867959499 11.0701348782 good
38 11.1646020412 12.3343861103 13.0269160271 14.9153521061 15.0737071037 good
39 11.7520320415 11.6186800003 11.3427670002 12.640791893 9.41992592812 good
40 14.8609659672 14.9529759884 16.1332039833 15.5315728188 22.3432078362 good
41 13.7653338909 15.5011110306 13.6145129204 16.9129822254 16.9373559952 good
42 15.0548100471 16.0969839096 13.1262218952 19.2543869019 21.1070971489 good
43 244.050206184 235.33336997 263.178039074 253.366599083 240.597703934 good
44 18.6400330067 14.9884440899 17.0227019787 19.9802360535 18.2040331364 good
45 32.614677906 22.5815820694 22.5979480743 20.9367349148 19.8807199001 good
46 11.114989996 13.3853549957 11.4718830585 11.0333769321 11.1376359463 good
47 14.8146162033 16.981760025 14.7479910851 14.6093540192 14.2802131176 good
48 15.3910191059 16.6795618534 15.825671196 27.5091230869 33.5540778637 good
49 28.7827680111 30.2030889988 25.1619029045 15.1393470764 21.9444169998 good
50 25.606593132 23.4951748848 28.2185730934 26.9895820618 26.650965929 good
51 37.5949578285 37.2390878201 26.3856070042 25.07999897 38.528044939 good
52 24.8538069725 37.363681078 32.639895916 48.3485090733 25.6268830299 good
53 38.6664381027 51.898608923 45.7781050205 48.6622171402 49.0258848667 good
54 24.6060581207 28.7730009556 36.1531341076 39.8421800137 35.9137017727 good
55 32.2850570679 32.5097489357 29.1049079895 35.4151799679 38.4965798855 good
56 77.750715971 78.5174190998 68.6716988087 73.726965189 71.8207957745 good
57 37.1798658371 37.4209589958 31.9259979725 30.0026581287 38.1414401531 good
58 25.5535969734 28.3363580704 28.529476881 32.1574909687 36.2026181221 good
59 53.9040439129 50.8451340199 54.0772690773 50.2853999138 42.9220099449 good
60 36.5039548874 43.4902749062 37.2790081501 33.2991969585 37.4266889095 good
61 69.9115180969 62.9942238331 77.9112420082 70.1194708347 62.2386569977 good
62 70.6107308865 52.050632 55.2274870872 63.7405471802 60.0097570419 good
63 46.2146940231 51.9213860035 50.4719619751 45.7301959991 42.2519459724 good
64 35.1598320007 25.3387601376 24.7993178368 24.5241160393 24.9678659439 good
65 27.4302940369 26.0556612015 58.4822099209 55.7212810516 54.0242378712 good
66 67.7854990959 51.5520768166 27.7105419636 28.0622169971 28.0160608292 good
67 41.507076025 37.733757019 73.6034710407 72.4248819351 44.7943940163 good
68 88.2838339806 74.9557340145 163.615025997 82.567595005 44.0202729702 good
69 120.298703909 47.886551857 52.8448278904 39.5982220173 68.4126849174 good
70 68.1663081646 53.2937350273 59.5250549316 77.3556110859 69.9873859882 good
71 50.535392046 36.446958065 44.4639019966 37.2829799652 46.0680332184 good
72 30.7078089714 30.1648380756 30.0911281109 30.1622240543 29.9671258926 good
73 38.6199400425 33.976776123 57.1584239006 48.739636898 65.7566158772 good
74 90.8858499527 52.1170179844 67.5558030605 66.4446721077 54.5783259869 good
75 32.9183881283 76.4659910202 70.5986950397 75.2455039024 67.1192800999 good
76 141.864669085 141.352869987 161.459573984 130.677325964 84.3438429832 good
77 49.0304069519 36.7892549038 42.7453768253 59.6578671932 63.3477709293 good
78 44.4235348701 85.9572210312 84.1458489895 51.9548010826 86.1161777973 good
79 94.4820919037 95.0259661674 141.643265963 130.467880964 91.802423954 good
80 67.1298561096 41.8092179298 51.1072189808 37.0708370209 76.2005221844 good
81 122.453480005 136.534585953 118.418100834 120.904812098 125.384374857 good
82 96.5299079418 95.8293979168 94.5617530346 100.108862162 94.3079898357 good
83 93.6114609241 87.8669190407 42.2812721729 54.8427960873 49.0233018398 good
84 132.958482981 132.22755599 127.415470123 113.30270505 154.679934978 good
85 98.3040411472 115.836807966 98.3156628609 91.5812101364 100.516514063 good
86 89.7087831497 105.398881912 91.8431050777 93.2500078678 103.479835033 good
87 107.134586096 109.083861113 162.117407084 143.479671955 102.305753946 good
88 168.018835068 161.54023695 97.4679119587 85.3003242016 133.446380854 good
89 109.903959036 112.777753115 56.7813351154 76.5797641277 112.616063118 good
90 160.252980947 177.334741116 111.330483913 240.991914988 96.2557680607 good
91 87.6491949558 83.1726460457 95.6506688595 55.5334949493 80.8190441132 good
92 140.8857131 191.613244057 194.740458012 112.486450911 143.763816118 good
93 112.549662113 87.6059689522 61.2885808945 104.340857029 118.841557026 good
94 136.793926001 141.604738951 148.295823097 198.422209024 237.433952093 good
95 232.818521976 93.395026207 90.9481229782 63.1754288673 93.0283260345 good
96 339.694701195 315.340670109 211.862129211 300.474734068 278.226205111 good
97 116.243010044 113.724641085 154.248266935 118.67660594 72.0218000412 good
98 69.5345869064 105.477332115 199.967015028 143.062140942 134.239439011 good
99 111.43448019 185.301642895 71.9324069023 111.427287102 90.2474529743 good
100 136.873785019 138.82397294 217.525288105 158.242052078 149.006949902 good
101 141.363003969 145.425029993 64.0059480667 160.347968102 181.552379131 good
102 139.637003183 174.293266058 93.7781751156 70.734675169 77.4462821484 good
103 171.500426054 157.114455938 201.53950882 186.777326107 205.062110901 good
104 257.151252031 175.674944878 135.399171114 142.924576044 146.023123026 good
105 187.065899134 317.778301001 76.2493019104 110.702196121 145.146107912 good
106 296.059704065 419.359241962 429.380064964 401.290169001 349.977582216 good
107 459.073896885 455.948304176 392.265524864 404.651954889 536.837238073 good
108 81.3929560184 96.5232942104 82.033577919 82.0346169472 85.2638339996 good
109 85.1499040127 83.531001091 89.3122038841 106.023379087 84.3178679943 good
110 121.922508955 116.115559101 113.463755131 133.990418911 191.374563932 good
111 203.191488981 278.455962896 281.839893103 250.249859095 250.094960928 good
112 330.48484993 344.721085072 402.133959055 413.461605072 433.956043005 good
113 140.907751083 136.461203098 121.578639984 154.914678097 93.4002101421 good
114 227.221532106 250.130920887 274.22478199 276.57050705 194.735916853 good
115 157.896507978 229.633339167 198.305766106 150.667397022 165.763353109 good
116 107.398200035 116.408564091 108.603844881 101.800734997 128.208426952 good
117 137.772763014 101.980591059 103.674268007 114.968989134 131.241506815 good
118 128.998142004 111.959275007 114.292925119 106.599634886 155.563627005 good
119 107.88755393 113.485454798 114.401945829 111.986595869 112.434681177 good
120 111.571920156 113.419125795 113.957003117 115.98444891 120.355002165 good
121 250.076188087 238.65098691 230.916916132 236.466362953 240.864650965 good
122 302.576743841 329.135185957 277.965394974 251.257881165 439.228116989 good
123 410.757924795 396.217865944 393.830992937 431.61322403 407.24169302 good
124 132.110371828 120.401247025 105.269197941 116.30380106 112.468018055 good
125 200.582804918 198.16059494 203.276968002 222.118539095 219.064555883 good
126 152.686802864 126.482720137 135.116220951 127.439592838 124.705832958 good
127 131.086791992 128.200968027 133.304147959 134.963909864 132.971685171 good
128 141.324387074 132.501242876 128.330212116 127.664735079 132.321452141 good
129 147.429203987 129.640493155 134.307402134 127.458709955 134.044285059 good
130 494.399940014 346.459656954 266.431212902 255.579270124 330.852463007 good
131 143.581934929 144.976581097 138.413679123 208.307187796 137.189856052 good
132 213.486031055 233.535211086 181.412955999 181.214441061 183.016152143 good
133 225.74191308 223.546514034 238.614213943 221.703628778 292.66994977 good
134 238.343357086 216.271008968 222.898220062 306.111103058 281.736495972 good
135 308.874649048 264.816673994 342.904601812 336.821316004 332.307960033 good
136 273.65547204 225.791574955 239.451078892 309.66542387 358.65337801 good
137 185.230098963 209.160722017 162.137042046 295.177872181 163.205499887 good
138 173.919993877 180.833760977 158.731361151 172.787950039 164.709921122 good
139 193.441082954 178.86063695 155.464370012 158.967554808 166.271343946 good
140 250.060458899 278.629688025 241.310272932 263.314402103 242.678030968 good
