2 1.34409284592 1.47634100914 0.917414188385 0.988909959793 1.77986288071 2.10956406593 0.933323144913 0.883171081543 0.531726837158 1.14461803436 good
3 3.01965880394 3.79000806808 3.35648584366 6.47123098373 1.9642701149 4.67789077759 2.47777485847 2.76126289368 7.11661601067 4.89278578758 good
4 11.1604590416 3.43208599091 15.1381490231 2.57202410698 9.54412698746 8.09555697441 4.26111292839 8.34537386894 24.1245620251 10.2257010937 good
5 8.04127597809 13.3977301121 17.6821801662 13.2895588875 21.646378994 12.1122229099 5.37504601479 8.82438898087 25.0861830711 11.529763937 good
6 4.9229888916 16.3649690151 68.0950880051 29.9813809395 45.7844719887 14.6866769791 25.8570652008 10.9716610909 13.9079961777 14.4130470753 good
7 87.9766099453 18.8627810478 15.2881908417 30.1334519386 29.3156368732 31.60257411 48.8157961369 49.5983271599 27.7073159218 68.5411729813 good
8 30.0336070061 91.2640631199 36.7625439167 102.813508987 13.7585020065 159.520987988 27.030518055 43.579875946 40.3816030025 10.9744520187 good
9 40.9735350609 98.8145561218 64.1592388153 75.6670851707 66.9292099476 236.58987999 15.6926221848 34.2129449844 53.9085240364 110.560624838 good
10 374.331374168 65.6227509975 252.09829998 22.0354409218 114.626929998 82.7281370163 216.380082846 153.084908009 21.1160068512 27.3732738495 good
11 763.685682058 292.819508076 93.7262759209 50.9276618958 38.5568699837 197.409038782 454.509322166 341.23617506 147.827624083 761.698521852 good
12 9659.15994501 801.704924107 440.01750803 1671.76206803 261.460175991 1013.16950607 567.99177599 94.1209330559 235.770560026 41.0528259277 good
13 1000.71757603 222.192547083 275.684022188 167.62185216 631.309301138 73.6096029282 95.5786938667 201.368322849 207.422299862 159.669184923 good
14 281.299583197 1153.50393796 171.935888052 236.489912987 305.012883902 2032.4304719 589.516665936 608.921708822 632.555484056 399.077312946 good
15 2794.20095801 808.928346872 17694.2467351 1180.95609689 3604.21161294 24.9921250343 630.451602936 1104.88900805 29.5666429996 1737.00782514 good
16 628.376318932 267.009497881 196.937684059 877.288697004 17542.7789052 628.396510839 1959.09668398 224.486088037 4283.10919213 163.331560135 good
17 2935.52359605 69.0780208111 5061.23554492 194.747560978 2301.10971498 3162.95908713 7135.05110884 192.410269022 3148.62776494 725.40639019 good
18 292.81900692 79951.5746322 5196.42264509 404.871609926 2362.03127909 9605.41856694 11229.994031 1040.1089108 14293.806668 704.312543869 good
