1  1 0.0941898822784 0.094437122345 0.173814058304 0.132818937302 0.19488286972 good
1  2 0.369994878769 0.229143857956 0.184423923492 0.289800882339 0.166553974152 good
1  3 0.177659034729 0.201717853546 0.184024810791 0.206346988678 0.238012075424 good
1  4 0.492125034332 0.295105934143 0.663172960281 0.885807037354 0.476048946381 good
1  5 0.587690114975 0.468676805496 0.292069911957 0.309036970139 0.258805036545 good
1  6 0.538526058197 0.359023094177 0.297508001328 0.303474187851 0.343950033188 good
1  7 0.568059921265 0.351205825806 0.3957259655 0.371057987213 0.322631120682 good
1  8 0.424960851669 0.457920074463 0.642244815826 0.773473024368 0.962321996689 good
1  9 0.822030067444 0.54881811142 0.469362974167 0.589969873428 0.492139101028 good
1  10 0.486331939697 0.600410938263 0.705836057663 1.15609693527 0.917587995529 good
1  11 0.666028022766 1.0986328125 0.834323883057 0.694041967392 0.87179017067 good
1  12 0.866626024246 1.79332399368 1.83116197586 1.14084196091 2.32575392723 good
1  13 1.64176988602 1.69977688789 0.747894048691 1.24932289124 0.879914999008 good
1  14 1.73401117325 0.921093940735 1.07042908669 1.61504197121 0.890515089035 good
1  15 1.77653193474 1.44763112068 1.73036789894 1.3415350914 1.17543196678 good
1  16 1.60366487503 1.47935700417 1.11804986 1.77747011185 1.15787506104 good
1  17 2.34929800034 0.973051071167 1.3886089325 1.20908713341 2.16706204414 good
1  18 2.31133580208 2.26117682457 2.31216692924 2.32257914543 1.14457392693 good
1  19 2.52671313286 1.22026705742 1.30504798889 1.89802193642 1.41263985634 good
2  1 0.259897947311 0.23924612999 0.24444103241 0.317191839218 0.423887014389 good
2  2 0.611305952072 0.3313331604 0.462333202362 0.541273117065 0.479831933975 good
2  3 0.379488945007 0.807636022568 0.671939134598 0.783424854279 0.356312990189 good
2  4 0.833045005798 0.414089918137 0.672437906265 0.76602602005 0.925243139267 good
2  5 0.852880001068 0.771026134491 0.516153097153 0.430487155914 0.932614088058 good
2  6 1.57766509056 1.14407896996 1.13003802299 0.849830150604 1.0604531765 good
2  7 1.26583600044 0.889394044876 1.78926205635 1.44682693481 0.908099889755 good
2  8 1.24480104446 1.65666699409 1.68120098114 1.18093490601 1.73224282265 good
2  9 1.76778316498 0.801093101501 1.10633897781 1.71382308006 1.98008799553 good
2  10 1.63928079605 2.38373398781 1.36330604553 2.28556489944 2.17194914818 good
2  11 2.62683296204 1.92770290375 1.99881005287 2.04194307327 2.57987594604 good
2  12 4.20546078682 3.68817090988 2.72907209396 4.43656015396 3.68195509911 good
2  13 1.45575594902 1.51146197319 1.44662690163 1.45365309715 2.52869606018 good
2  14 1.73290205002 1.75670194626 2.34711313248 3.30556106567 2.80782413483 good
2  15 2.31788110733 1.93810105324 2.89111423492 3.43875002861 2.36102700233 good
2  16 2.7467610836 2.57183599472 2.76871109009 2.34187602997 1.77013707161 good
2  17 2.56416702271 2.99143695831 2.43532896042 3.07524204254 1.88825106621 good
2  18 3.39030408859 2.39559698105 3.19865584373 2.56773686409 3.01077198982 good
2  19 3.08441901207 3.0084130764 2.75012207031 2.81695795059 2.76135897636 good
3  1 0.354948043823 0.240792036057 0.26455783844 0.228845119476 0.26900601387 good
3  2 0.525219917297 0.313335180283 0.39054107666 0.568024158478 0.581093072891 good
3  3 1.0331799984 0.735729932785 0.766150951385 1.47601795197 1.00828504562 good
3  4 1.02524900436 1.07899999619 0.578598976135 0.808909893036 0.658639907837 good
3  5 1.07140898705 1.47185993195 1.70168304443 1.49667406082 1.25072598457 good
3  6 1.29286694527 1.59724092484 1.58919692039 1.57285499573 1.406717062 good
3  7 2.35073208809 1.94997811317 1.77670693398 0.99213385582 1.82361292839 good
3  8 0.537895917892 1.48229503632 1.29067492485 1.51407289505 2.13390088081 good
3  9 2.71360993385 2.67210102081 2.53530907631 2.08488416672 2.83292913437 good
3  10 2.61068296432 2.94915103912 3.08826994896 2.9180598259 2.99734210968 good
3  11 3.31720805168 3.68175196648 1.67082285881 1.67011404037 1.68827199936 good
3  12 2.35869193077 1.27792787552 2.08563613892 2.38791704178 2.97139000893 good
3  13 3.13380694389 2.48875808716 3.40248990059 2.12615180016 2.01924800873 good
3  14 4.217263937 2.34035801888 3.62635803223 4.31499695778 3.51459598541 good
3  15 2.89657211304 3.92556715012 3.55991220474 3.98873996735 3.31133413315 good
3  16 4.4202311039 4.38109707832 3.65872097015 3.55297803879 3.98069596291 good
3  17 3.88025093079 4.10335016251 3.58605980873 4.52972102165 5.3903260231 good
3  18 3.923787117 3.663189888 3.61316609383 5.18144106865 5.62865996361 good
3  19 6.0301861763 4.32669901848 5.9013800621 4.60181999207 7.18785595894 good
4  1 0.663367986679 0.687378168106 0.421416044235 0.348040103912 0.726171016693 good
4  2 0.984570026398 0.794106960297 1.77698302269 2.15237903595 1.10793089867 good
4  3 0.873599052429 0.73130607605 1.30478692055 1.05608701706 0.755902051926 good
4  4 1.47978711128 1.43819785118 2.04765486717 1.4053208828 1.36026096344 good
4  5 1.91556501389 2.08283305168 1.67822790146 1.25110006332 1.53613805771 good
4  6 2.18993997574 2.0219669342 2.39657711983 1.71829295158 2.12956905365 good
4  7 2.57223391533 2.85379695892 2.64214897156 2.50741505623 1.84610199928 good
4  8 2.7492787838 2.79031300545 5.07666110992 2.46555995941 2.78067016602 good
4  9 3.23643088341 2.53795099258 1.88852906227 2.03580999374 1.53251481056 good
4  10 3.45239520073 4.077242136 3.10823488235 3.55821800232 3.61233210564 good
4  11 2.66645598412 2.67210221291 2.79685902596 3.32294392586 2.05826997757 good
4  12 3.71424007416 2.84406304359 3.03704214096 5.68841600418 2.78498101234 good
4  13 3.93839287758 5.51331210136 4.73273801804 5.13778400421 5.43168401718 good
4  14 5.31990599632 4.24868321419 5.4083108902 5.74344015121 5.06097388268 good
4  15 5.52723693848 6.28322792053 3.77477407455 5.9369161129 5.89549899101 good
4  16 5.79730200768 4.22879886627 4.87180709839 4.34686088562 5.00411391258 good
4  17 5.1239631176 8.37377119064 5.3512840271 5.19066691399 4.96726298332 good
4  18 9.46282100677 8.5666270256 8.87758994102 9.08757185936 7.73273301125 good
4  19 6.25899481773 7.66732287407 8.37886190414 5.16203212738 3.49963903427 good
5  1 0.858652114868 0.500006914139 0.505611181259 0.490964889526 0.89336681366 good
5  2 1.56569695473 1.61646199226 1.27411413193 1.88064193726 1.72454500198 good
5  3 0.76355099678 0.991739034653 0.985645055771 1.73456192017 1.23381876945 good
5  4 1.09999299049 1.34517884254 1.20458102226 2.2418320179 1.71715211868 good
5  5 3.47731685638 2.41393303871 2.14087915421 3.44902586937 4.44395184517 good
5  6 3.75996303558 6.31775999069 3.23307299614 5.22001194954 1.90717411041 good
5  7 3.20642805099 3.9413459301 6.07567501068 4.09755897522 3.57874917984 good
5  8 4.58474683762 5.38922405243 6.39734601974 4.54701495171 4.25927782059 good
5  9 5.59042406082 5.01739597321 6.91311001778 5.19181799889 3.06751012802 good
5  10 4.86476612091 4.88649106026 7.96406602859 4.83106303215 6.68109202385 good
5  11 2.94831681252 2.3890941143 6.15620589256 4.57854390144 5.0690870285 good
5  12 3.77087211609 7.50499010086 4.30103206635 4.35246801376 4.40339899063 good
5  13 8.14703011513 7.58188199997 9.29782295227 7.06074094772 8.02043914795 good
5  14 6.55637907982 6.68718004227 6.53628802299 6.49209308624 7.05174207687 good
5  15 8.78875398636 8.93741583824 7.23590397835 9.5469429493 9.92932009697 good
5  16 5.79373693466 5.03740000725 5.71557497978 5.01748108864 6.30281591415 good
5  17 4.42972111702 5.86946082115 4.52468395233 5.86800479889 5.65979599953 good
5  18 7.60288619995 8.5917570591 6.83598208427 8.59632992744 8.11391687393 good
5  19 9.82920503616 7.8967590332 8.97732996941 9.27090001106 6.66613698006 good
6  1 0.831294059753 0.575948953629 0.752151012421 0.817682027817 0.636901855469 good
6  2 1.43327498436 1.17613887787 1.00196385384 1.52668499947 2.75634407997 good
6  3 2.3625600338 0.892143011093 1.29590988159 1.46752905846 1.78409695625 good
6  4 3.41633200645 2.79369592667 3.04684305191 2.60505700111 2.02526092529 good
6  5 1.64987301826 2.2930059433 1.72586607933 3.34581494331 2.41600179672 good
6  6 5.02432107925 5.27489805222 5.58345007896 5.66392612457 3.75167512894 good
6  7 4.96756911278 3.16748809814 4.3176279068 3.19943594933 3.2791121006 good
6  8 3.99925208092 6.29574894905 8.17124199867 7.3562541008 7.08489990234 good
6  9 6.19150805473 9.85288906097 6.53548002243 5.99509382248 6.46345210075 good
6  10 5.76094079018 3.89557600021 5.90831279755 5.92654800415 5.00560116768 good
6  11 7.7117600441 6.6938419342 5.31602191925 7.68469691277 8.84897089005 good
6  12 8.75612592697 6.17127609253 7.15434288979 6.96284890175 7.05284786224 good
6  13 10.5615730286 10.6630170345 9.92406702042 8.53403282166 7.5870039463 good
6  14 10.0921750069 10.4289638996 6.9020190239 10.9702849388 12.0764241219 good
6  15 7.58100986481 7.89994096756 5.86233901978 5.16072010994 4.92935585976 good
6  16 10.625082016 10.3451778889 7.66077804565 10.2220571041 11.2862081528 good
6  17 11.1132628918 10.8249390125 6.47168302536 9.06549882889 12.4232261181 good
6  18 10.3567681313 14.6131110191 16.6608450413 11.3614761829 15.4329931736 good
6  19 14.8447871208 15.7759790421 13.6422379017 13.0771849155 13.9595351219 good
7  1 1.47826004028 1.17984080315 1.01673197746 1.0555369854 0.988067865372 good
7  2 1.42939805984 1.2407848835 1.2635409832 1.61644506454 1.33052301407 good
7  3 2.15482783318 3.24254488945 3.54951500893 3.69006896019 3.20434999466 good
7  4 4.83806920052 6.21128487587 5.17275500298 6.24144792557 6.76899695396 good
7  5 6.13630795479 7.18973994255 5.15492391586 6.28490185738 6.44972896576 good
7  6 4.81090903282 4.44338297844 4.81964707375 4.58665299416 4.57648897171 good
7  7 4.76867198944 5.70422196388 4.98031401634 6.10652399063 5.55910396576 good
7  8 8.24933600426 9.75880503654 10.6391170025 11.3383638859 9.36009383202 good
7  9 6.51920795441 6.85000801086 9.89930796623 7.82688307762 7.41786694527 good
7  10 3.58077192307 3.56465482712 4.19269490242 5.52997422218 5.57004284859 good
7  11 11.5184059143 9.1191599369 8.65902280807 12.6887118816 10.189396143 good
7  12 5.63372302055 5.95218801498 6.88647985458 5.3807618618 5.55756282806 good
7  13 12.2175610065 9.10766196251 6.36407399178 6.77167701721 6.47115087509 good
7  14 5.10057902336 4.86790895462 4.80354094505 5.60520601273 4.91012001038 good
7  15 3.79400396347 6.5450489521 4.07345318794 4.36921691895 6.20151996613 good
7  16 7.73350310326 8.49686694145 7.99562311172 7.87000989914 8.18681097031 good
7  17 6.78829193115 6.69271111488 6.51912713051 6.69417595863 6.71061897278 good
7  18 5.4864590168 5.71505403519 5.41792106628 4.85150885582 5.31322383881 good
7  19 9.6765370369 10.1262960434 9.03837609291 9.34111404419 10.0370349884 good
8  1 0.480793952942 0.462729215622 0.474364995956 0.464432001114 0.471817016602 good
8  2 1.20418119431 1.10304784775 1.14444708824 1.25009489059 1.2252202034 good
8  3 1.20853686333 1.23853707314 1.63428997993 1.26122283936 1.33000516891 good
8  4 1.70477509499 1.43359398842 1.54776215553 1.3892519474 1.83256101608 good
8  5 4.22666597366 7.98768210411 11.156211853 10.6712591648 9.31086611748 good
8  6 5.41387581825 5.09688305855 5.88758897781 4.75059700012 4.95227098465 good
8  7 4.47759318352 5.32521510124 4.75293397903 5.4550280571 5.03870987892 good
8  8 8.64292192459 11.6307859421 11.886977911 11.5212268829 10.0424950123 good
8  9 4.95572900772 5.34570789337 5.47350311279 5.82057785988 6.01823806763 good
8  10 10.2173609734 10.8321540356 5.49834918976 9.36292409897 10.9665060043 good
8  11 9.17378592491 9.33293199539 14.2834119797 8.50095701218 13.4056799412 good
8  12 11.35871315 11.3154258728 12.4873478413 11.975249052 13.7741179466 good
8  13 8.0434589386 8.02606987953 6.07342410088 4.11404109001 4.18909621239 good
8  14 9.11243104935 14.9388940334 17.1741039753 18.4794480801 19.3099370003 good
8  15 14.4198520184 13.0184860229 17.2968509197 14.0418288708 15.6752910614 good
8  16 18.5588579178 19.4166080952 20.9735350609 18.8020560741 14.7085659504 good
8  17 16.2663888931 20.8605549335 24.6651442051 16.723678112 21.0176529884 good
8  18 11.4605140686 12.3954708576 13.4589579105 14.8064680099 19.951720953 good
8  19 18.5925250053 27.9358308315 25.1709840298 22.8478419781 22.4311890602 good
9  1 1.3149459362 0.776799917221 1.16342592239 1.04581594467 1.3036699295 good
9  2 3.14138793945 2.09690022469 1.69060993195 2.81128311157 1.40478396416 good
9  3 5.53627204895 5.65865898132 4.32591295242 4.39352893829 4.64094519615 good
9  4 8.66858410835 7.69492602348 7.27928090096 7.59065103531 5.90610098839 good
9  5 8.5070848465 10.0873920918 8.28574800491 11.1827709675 8.28281998634 good
9  6 11.1184639931 15.3138539791 12.7488808632 14.5283281803 13.6814720631 good
9  7 6.66992998123 6.97467112541 7.88622713089 10.4111177921 7.03961992264 good
9  8 7.31917309761 7.22633194923 6.26107883453 6.92972588539 8.35438394547 good
9  9 14.6341459751 20.1204268932 15.9962041378 15.1870799065 15.2758221626 good
9  10 12.5972349644 12.4956791401 11.5049009323 14.4061689377 16.1791980267 good
9  11 16.8918960094 15.4899449348 15.1370210648 17.2488670349 16.8584721088 good
9  12 13.0227921009 10.6715869904 11.4968559742 11.007363081 13.0677421093 good
9  13 15.7120909691 16.5942471027 18.6759319305 18.5539999008 17.2279109955 good
9  14 13.6456279755 10.4264321327 9.04753017426 10.0351510048 9.86468219757 good
9  15 16.384169817 16.173181057 13.4055249691 15.7939338684 11.2707769871 good
9  16 10.9393072128 11.8921120167 14.7485108376 17.6299769878 15.279654026 good
9  17 25.8735737801 22.8881509304 28.5151748657 28.6773400307 26.4916338921 good
9  18 24.4781808853 25.5458319187 25.4048068523 26.6272389889 26.6267368793 good
9  19 25.20566082 31.405903101 25.8451590538 20.7044119835 23.2572751045 good
10  1 1.95818114281 3.09578609467 3.33110404015 1.85411214828 1.1173157692 good
10  2 2.2187628746 2.24542093277 1.54476094246 1.72880005836 2.86635398865 good
10  3 3.40197300911 3.11225605011 4.21374297142 5.84178996086 3.64588308334 good
10  4 7.67371106148 4.27542805672 3.89088606834 5.34678912163 4.52489900589 good
10  5 13.932174921 15.0923440456 12.4241330624 12.3057420254 7.03731203079 good
10  6 12.9143059254 8.88871693611 13.1727411747 12.4640250206 17.2018091679 good
10  7 5.07196903229 6.90781593323 6.36085295677 8.8071141243 7.36268591881 good
10  8 16.6601839066 12.9470291138 13.0936439037 15.1588430405 14.0672199726 good
10  9 8.33866810799 5.80891704559 7.81000304222 11.9444630146 5.75140404701 good
10  10 8.49576592445 9.01518106461 5.50359296799 5.81143689156 9.4498860836 good
10  11 6.82244515419 6.28246116638 10.2186770439 9.04934000969 6.93790507317 good
10  12 8.71358323097 8.19462394714 7.21746301651 8.67713904381 9.46814990044 good
10  13 16.2478899956 14.3497610092 20.3394010067 17.3129720688 18.1918370724 good
10  14 16.7274038792 19.6056070328 16.0037438869 16.1123511791 11.1639409065 good
10  15 10.4286360741 12.1039361954 10.2969300747 11.7466709614 13.9449110031 good
10  16 26.1906709671 29.5004351139 23.8747091293 22.1118061543 23.2815380096 good
10  17 26.5426809788 19.1216928959 11.6872930527 12.5037951469 20.544408083 good
10  18 9.33014893532 9.7932779789 9.6645860672 8.49703097343 12.9052808285 good
10  19 25.2820420265 37.4505870342 25.6794989109 18.0160520077 20.0194780827 good
11  1 3.30458021164 3.23944401741 2.71905612946 4.20268106461 5.68227601051 good
11  2 5.7821559906 5.82912397385 4.73016905785 4.8942759037 2.60485601425 good
11  3 3.71154808998 4.08069300652 4.30123901367 4.26030397415 4.76995682716 good
11  4 7.84454894066 7.35492610931 6.01038312912 5.45451498032 3.76640605927 good
11  5 6.5133960247 6.26728487015 5.89951491356 7.23647904396 6.94853687286 good
11  6 8.36088109016 8.27387499809 4.57585310936 4.66361999512 4.8374569416 good
11  7 15.2622470856 11.4714319706 8.41173601151 8.30624008179 8.25964403152 good
11  8 7.88661003113 7.8433868885 7.7726380825 7.60594010353 9.10045599937 good
11  9 11.5179970264 35.2117230892 47.8989908695 12.9556391239 12.1358010769 good
11  10 12.0055010319 10.9672169685 11.6721749306 21.6036009789 21.7717092037 good
11  11 13.729998827 10.459002018 7.96436715126 7.79029798508 8.63707280159 good
11  12 6.80103206635 6.91402721405 9.32463002205 18.5984170437 6.28976297379 good
11  13 7.40434288979 7.44002890587 7.92502999306 8.61769199371 7.70155692101 good
11  14 19.4078299999 24.2270710468 29.8599219322 30.4347610474 28.6395480633 good
11  15 41.9515240192 28.194314003 26.8106689453 23.2900528908 14.2855398655 good
11  16 13.6804430485 17.2691371441 13.4611520767 18.8662469387 18.3636419773 good
11  17 26.6356720924 27.811109066 27.9664120674 33.2843358517 42.7823679447 good
11  18 25.0907480717 15.9503381252 30.9517409801 17.2539978027 22.3954589367 good
11  19 29.4940071106 17.3480348587 13.9620380402 39.9635159969 36.6996669769 good
12  1 1.76168894768 1.73923707008 1.74615001678 1.76341485977 1.77439212799 good
12  2 2.84392905235 6.13501906395 4.10875701904 3.45563483238 3.65187907219 good
12  3 5.80808401108 5.40282893181 5.83041596413 5.81853199005 5.62982988358 good
12  4 9.48321986198 9.58724212646 9.26457905769 9.4930357933 9.54105782509 good
12  5 7.32511901855 7.80916500092 7.46091294289 7.99039101601 7.88079690933 good
12  6 13.3244531155 12.2816059589 12.5747590065 12.4433290958 13.1169650555 good
12  7 9.84434199333 8.98633503914 11.4477820396 14.2784130573 11.2639830112 good
12  8 19.5772180557 12.2989199162 22.3042118549 25.4485499859 24.9236068726 good
12  9 27.2221088409 28.5182321072 27.9727091789 27.7791099548 29.6791062355 good
12  10 18.3096470833 18.6912591457 17.9640669823 18.6283121109 18.1856191158 good
12  11 15.2017271519 15.7660250664 14.3090438843 15.9964020252 15.5138731003 good
12  12 22.6253979206 24.1582348347 43.2437939644 43.1132948399 22.93937397 good
12  13 17.9564139843 16.9044780731 27.0055580139 14.7295980453 15.7198159695 good
12  14 40.0352659225 53.6575109959 19.7579920292 20.8710889816 21.7356669903 good
12  15 10.3239531517 10.8707768917 10.8510899544 10.1731600761 12.5871491432 good
12  16 17.7040629387 20.1667411327 41.3760740757 34.126513958 14.517706871 good
12  17 17.6670088768 11.4270780087 35.4835531712 43.8498427868 34.960529089 good
12  18 31.8617808819 44.2558031082 32.8338181973 15.5753889084 15.1399559975 good
12  19 41.6246869564 38.7028141022 28.5914590359 34.8328700066 53.8530302048 good
13  1 6.20348620415 5.48553586006 3.16216301918 3.20507192612 3.19448113441 good
13  2 2.10978007317 2.07968997955 2.05006194115 2.35036301613 4.88141512871 good
13  3 5.59335398674 4.47878098488 2.93963909149 2.64065408707 2.67119598389 good
13  4 4.82593917847 4.54508805275 4.85776615143 9.60803198814 16.9607729912 good
13  5 14.7573571205 11.9191429615 11.1825950146 16.6219158173 16.286634922 good
13  6 13.7255299091 5.95534491539 9.87845897675 10.2055699825 8.95431089401 good
13  7 11.3620998859 12.0477612019 5.7946190834 10.4204249382 8.8175599575 good
13  8 15.3230559826 14.5728948116 15.5132679939 16.8885500431 16.2986578941 good
13  9 24.1474740505 20.5462450981 23.8639359474 24.892829895 24.3081400394 good
13  10 18.3926610947 18.5516550541 17.8584270477 18.7657251358 18.0898048878 good
13  11 37.7969350815 42.0155630112 42.5826730728 36.5359210968 25.8420639038 good
13  12 8.67843008041 14.5754010677 25.2241101265 17.6042490005 18.2540500164 good
13  13 20.6353080273 19.5488450527 18.8286240101 21.209405899 20.5701460838 good
13  14 23.4141409397 37.1322131157 54.9257469177 37.1737091541 51.9775230885 good
13  15 25.6436810493 22.9882700443 21.3384299278 21.2729971409 31.6260659695 good
13  16 44.6617000103 29.356541872 37.1740000248 51.5667061806 32.7171289921 good
13  17 60.1507620811 31.4915368557 46.0584049225 48.0142591 53.3085029125 good
13  18 30.0653579235 16.513324976 47.4801540375 30.3531830311 25.0300271511 good
13  19 25.4706749916 20.0945119858 23.3089950085 18.2741730213 28.5743780136 good
14  1 16.4386868477 13.0965452194 17.5544919968 7.74397301674 12.4597160816 good
14  2 4.91243004799 8.93385601044 8.2904291153 6.91451883316 9.3740670681 good
14  3 3.66080188751 3.53899097443 3.09992790222 8.05853295326 4.60095310211 good
14  4 5.08306407928 8.65136098862 7.48884391785 8.21344304085 8.49785208702 good
14  5 14.7482838631 13.262953043 13.4142858982 14.8710360527 8.12233901024 good
14  6 7.32608294487 7.28614401817 7.24427485466 7.25844812393 7.20542001724 good
14  7 7.69745993614 7.19254183769 7.41392087936 7.33296895027 7.30860805511 good
14  8 7.25385499001 6.93064522743 7.39465594292 6.88256311417 7.82591605186 good
14  9 12.1719222069 12.6953110695 12.8954520226 14.2432119846 16.8279919624 good
14  10 31.0473620892 40.1232018471 37.6416320801 43.583119154 56.0975608826 good
14  11 24.8503921032 22.6950309277 25.4172427654 23.4217789173 22.7461190224 good
14  12 21.9206960201 20.8665988445 15.3654780388 10.0762770176 9.91563296318 good
14  13 16.2860658169 34.0724730492 32.886551857 32.686647892 35.7792677879 good
14  14 57.3783400059 61.4217739105 56.3616089821 60.1522181034 65.5825850964 good
14  15 26.3309161663 26.6379067898 26.3252780437 26.4307961464 26.6755869389 good
14  16 28.465018034 28.7178139687 28.6976761818 27.9964809418 27.9151740074 good
14  17 65.7053141594 64.4135870934 65.5844740868 66.6388130188 67.093724966 good
14  18 39.7051968575 41.177626133 38.7437620163 47.7151110172 74.2214150429 good
14  19 44.6307110786 32.9401159286 42.3662538528 34.3087658882 46.6788201332 good
15  1 1.31240582466 1.26661205292 1.27076983452 2.17221403122 1.26419591904 good
15  2 2.05717301369 3.57123708725 5.49370598793 6.7652618885 10.0551362038 good
15  3 15.314371109 4.8708050251 10.0637469292 10.0667319298 4.84156084061 good
15  4 4.08295488358 4.30860590935 4.49489998817 4.42841005325 4.35013008118 good
15  5 7.46686291695 7.91734194756 14.0529251099 12.9762749672 8.28124308586 good
15  6 7.89642906189 9.46521091461 12.8331720829 29.62322402 28.2536120415 good
15  7 9.67101407051 8.98143792152 8.40314888954 8.64671897888 8.79370498657 good
15  8 34.9646790028 42.0162239075 30.2776949406 29.0853409767 15.9556241035 good
15  9 27.1648280621 22.5548741817 30.2732169628 41.6068880558 45.1189529896 good
