1  1 0.0917038917542 0.145121097565 0.141314983368 0.188900947571 0.0841388702393 good
1  2 0.180980920792 0.143810987473 0.149930000305 0.287185907364 0.155715942383 good
1  3 0.405894041061 0.359228849411 0.256883859634 0.270963907242 0.274142026901 good
1  4 0.481436014175 0.886514186859 0.54106593132 0.29049706459 0.301807880402 good
1  5 0.409796953201 0.180673837662 0.538192033768 0.309415102005 0.14423084259 good
1  6 0.185302972794 0.309367895126 0.482023954391 0.364431858063 0.265823841095 good
1  7 0.393624067307 0.383645057678 0.415834903717 0.408513069153 0.733370065689 good
1  8 0.460074901581 0.457842111588 0.75322508812 0.41999912262 0.695746183395 good
1  9 0.855623960495 0.647992134094 0.703459978104 0.646254062653 0.567845106125 good
1  10 0.604848861694 0.456382989883 1.24246406555 0.505582094193 1.11792397499 good
1  11 0.439473867416 0.742444992065 0.869106054306 0.319770097733 0.735453128815 good
1  12 1.03899502754 1.20660305023 0.758467912674 1.88156700134 0.863544940948 good
1  13 1.47530198097 1.59067392349 1.77512097359 1.42113184929 1.19488716125 good
1  14 0.677909851074 0.621392965317 1.59647083282 1.57709503174 1.75356507301 good
1  15 1.83551597595 1.82846689224 1.76828694344 1.14858078957 1.33536291122 good
1  16 1.49839401245 1.8237490654 1.12318587303 1.13115715981 1.63639903069 good
1  17 2.36718606949 1.84530591965 1.36422801018 1.57549095154 1.99620509148 good
1  18 1.2388420105 1.59183883667 1.99168205261 1.96322083473 1.41927886009 good
1  19 1.7734849453 2.68668603897 1.23642897606 1.79963088036 1.59720897675 good
2  1 0.131452083588 0.0707070827484 0.104887008667 0.125274896622 0.233462095261 good
2  2 0.541155815125 0.648104906082 0.395555973053 0.500643968582 0.301340818405 good
2  3 0.380287885666 0.280641078949 0.336104869843 0.282555103302 0.512820005417 good
2  4 0.399101018906 0.431666135788 0.408978939056 0.786284923553 0.622438907623 good
2  5 0.730001926422 0.869194984436 0.645226955414 0.567760944366 0.607391119003 good
2  6 0.606790065765 0.641564846039 0.622842073441 0.829452037811 0.616466999054 good
2  7 0.627493143082 0.829132795334 0.623492002487 0.912703037262 0.934174060822 good
2  8 1.43099212646 1.10726094246 0.770262956619 0.984915018082 0.642513036728 good
2  9 0.857846975327 2.4627661705 2.03730988503 1.49677181244 1.73797678947 good
2  10 1.56550908089 1.93146896362 2.31468486786 1.9922990799 2.26831912994 good
2  11 2.06259679794 2.15353798866 2.47274017334 1.92692995071 1.39226794243 good
2  12 1.7946190834 2.6493909359 4.99855613708 2.9332280159 3.28885102272 good
2  13 2.27580904961 2.14619398117 1.80363702774 2.37914609909 1.9209189415 good
2  14 2.37775993347 2.7513821125 3.15455818176 2.72320604324 3.07284283638 good
2  15 3.23863887787 1.55221819878 2.44028806686 4.00609993935 2.46185398102 good
2  16 2.1393032074 1.49689412117 2.58721113205 2.09375810623 2.05203008652 good
2  17 2.42058300972 2.87373495102 2.68228602409 2.63411307335 2.36028409004 good
2  18 2.42335891724 2.70463705063 3.09402012825 2.61386299133 3.12247800827 good
2  19 2.83328700066 3.02878284454 3.06481385231 3.07396292686 1.58450984955 good
3  1 0.38876414299 0.417069911957 0.441028118134 0.332841157913 0.362890005112 good
3  2 0.672387123108 0.430280923843 0.769054889679 0.534672021866 0.582510948181 good
3  3 1.07039308548 0.780246973038 0.412914037704 0.750237941742 1.20174908638 good
3  4 0.59624505043 0.653845071793 0.99772810936 0.376101970673 0.450011014938 good
3  5 1.07547497749 1.63333511353 1.6819229126 1.73946094513 1.34849691391 good
3  6 1.38845300674 0.974156141281 1.98138403893 0.974483966827 1.08451986313 good
3  7 1.50304389 1.594176054 2.6131811142 1.80495595932 1.61540222168 good
3  8 1.08550405502 1.71589398384 0.95397901535 1.22958612442 1.44481801987 good
3  9 2.97891902924 2.62376189232 2.90668511391 2.34763097763 2.90703392029 good
3  10 2.28946614265 4.31782913208 3.11546301842 3.37803196907 2.86195206642 good
3  11 2.54922509193 3.11622595787 3.05972290039 3.02864289284 2.47659397125 good
3  12 1.94000506401 1.5242729187 2.51098704338 3.00814390182 2.29620313644 good
3  13 2.79086899757 4.575330019 2.71201515198 3.50385117531 3.3368999958 good
3  14 3.91976094246 6.05361318588 4.78281593323 3.78956985474 3.80790996552 good
3  15 3.64971899986 4.56713891029 5.20126080513 4.2892870903 3.42277002335 good
3  16 5.16459393501 4.42061710358 3.06954908371 3.89582204819 3.60149598122 good
3  17 4.92490792274 3.68917298317 4.09490919113 4.99599289894 4.08688092232 good
3  18 5.41227221489 4.4959871769 9.521007061 4.74888801575 3.92422699928 good
3  19 4.31177806854 5.61443805695 6.13561797142 7.15208101273 5.70772409439 good
4  1 0.848338127136 0.464037895203 0.424583911896 0.622354030609 0.871851921082 good
4  2 1.22653508186 0.969800949097 1.02179813385 1.28072810173 0.808891057968 good
4  3 0.931535005569 0.630901098251 0.675981044769 0.67945599556 0.803791999817 good
4  4 2.65179204941 2.56014990807 0.80629992485 2.11105918884 1.76126384735 good
4  5 1.44595503807 1.47342300415 0.854759931564 1.37789916992 1.41318488121 good
4  6 2.82890605927 2.03778290749 2.4999859333 2.34696412086 3.32008481026 good
4  7 2.22217106819 2.56295609474 1.7312541008 3.72411894798 3.83289718628 good
4  8 2.90641903877 2.96293497086 4.55617308617 3.59532213211 2.64090800285 good
4  9 2.23374509811 2.91733789444 2.38192796707 2.09836816788 2.05868911743 good
4  10 3.86102485657 3.7493698597 2.22132706642 3.81580686569 3.46806001663 good
4  11 2.27699494362 3.02558088303 3.90253806114 2.15405106544 2.64177703857 good
4  12 3.11851096153 2.93888902664 3.24712085724 3.31398200989 2.98214101791 good
4  13 4.99564194679 5.92532491684 7.74132680893 6.10045695305 4.78108501434 good
4  14 7.37392497063 6.29154205322 4.92863488197 5.35981702805 4.60105490685 good
4  15 5.2055990696 4.31298494339 4.90915989876 4.57920885086 4.04927492142 good
4  16 5.39104390144 5.5849108696 8.18175721169 5.7404460907 6.84248805046 good
4  17 6.30100297928 4.45205712318 5.5524430275 4.50745201111 5.5105779171 good
4  18 6.14125490189 6.85400795937 5.70526909828 7.61856603622 4.78845214844 good
4  19 5.54282212257 4.69509291649 3.37832999229 6.07000803947 8.46585011482 good
5  1 0.669748067856 0.575230121613 1.0043888092 0.606360912323 0.690754890442 good
5  2 2.14149188995 1.53871893883 1.57579898834 0.95690703392 1.16134214401 good
5  3 1.06046819687 1.46064805984 0.898530006409 1.3043961525 1.345662117 good
5  4 1.23167181015 1.41674590111 1.08079504967 1.16425895691 1.47107791901 good
5  5 2.50954699516 2.20929002762 2.91305589676 3.21465611458 3.85148906708 good
5  6 3.75015807152 3.66168498993 3.87422704697 3.10778307915 3.45065999031 good
5  7 3.11963391304 3.98377084732 3.44556117058 4.86238217354 4.85453915596 good
5  8 4.66460180283 4.3093559742 3.18329000473 3.84856915474 4.46099305153 good
5  9 5.37463092804 5.84618782997 7.4522459507 8.14175796509 6.2626349926 good
5  10 5.74748110771 5.87579202652 7.1476020813 5.54590392113 5.2863380909 good
5  11 2.97065401077 3.72821307182 4.20679497719 3.8625869751 4.09013295174 good
5  12 4.00887608528 3.38119506836 5.00851798058 4.17663812637 4.50273680687 good
5  13 8.30809402466 8.17306113243 6.27429914474 7.29824090004 8.54854393005 good
5  14 5.62315487862 7.10327100754 10.7956140041 8.34980392456 7.14407396317 good
5  15 9.11197400093 9.28699088097 7.23239278793 9.70860409737 10.7113821507 good
5  16 5.83116602898 5.98220992088 5.18534803391 5.22043704987 6.71947002411 good
5  17 6.39829301834 6.40979218483 6.5557718277 10.9724340439 5.86463594437 good
5  18 7.97071886063 9.62178301811 7.22366094589 8.88783812523 9.93217206001 good
5  19 15.7435390949 13.1508100033 11.6130170822 11.722782135 11.7978770733 good
6  1 1.66880106926 1.71729516983 1.25574493408 0.792490005493 0.885393857956 good
6  2 1.54112005234 1.49296092987 1.03995895386 1.13287997246 1.526004076 good
6  3 1.13086414337 1.43124389648 1.0009829998 1.89385986328 1.62835597992 good
6  4 3.21959614754 2.65875291824 3.50353813171 5.17408013344 3.74516415596 good
6  5 3.10921812057 2.92765808105 2.38095283508 1.80794692039 3.31003808975 good
6  6 7.08008909225 6.02860784531 4.32596302032 4.20021986961 4.91374897957 good
6  7 2.56140804291 4.35254716873 4.60670995712 4.98649907112 4.1182641983 good
6  8 5.19769597054 6.72853112221 5.32733893394 5.86769104004 4.67772293091 good
6  9 6.16840791702 5.95832109451 5.87381005287 6.07920503616 5.59909081459 good
6  10 5.81179404259 5.33347797394 5.59349799156 5.46429991722 6.16850280762 good
6  11 8.54043984413 9.29815411568 6.61570692062 7.07391095161 6.41374397278 good
6  12 7.07116794586 7.88208293915 6.20572280884 5.53676795959 4.99240899086 good
6  13 8.85195302963 8.82686400414 10.6594121456 8.41111588478 10.4257061481 good
6  14 10.384524107 9.22754001617 9.5860979557 11.6590108871 8.8470480442 good
6  15 5.40133619308 5.46336507797 6.55795788765 7.61510014534 9.18063306808 good
6  16 10.303839922 10.9637129307 12.3558750153 12.5773689747 11.7896940708 good
6  17 15.437112093 13.3682940006 14.8326759338 14.9783639908 12.7577290535 good
6  18 10.5496771336 15.6298348904 15.8111300468 12.5136599541 17.0208389759 good
6  19 12.2294301987 15.853880167 13.8138861656 14.3125350475 12.6723918915 good
7  1 1.21438503265 1.31753611565 1.09946298599 0.843535900116 1.06136608124 good
7  2 1.60025000572 1.56410694122 1.5220708847 1.98299717903 1.45302891731 good
7  3 1.46262598038 2.63266515732 3.52901697159 3.0884950161 2.91746497154 good
7  4 5.69425296783 6.84988999367 4.37424898148 4.92591285706 6.03802919388 good
7  5 5.53576493263 4.97274899483 5.12270903587 5.13681197166 5.5580701828 good
7  6 4.54299497604 5.08066391945 4.7692630291 4.85784506798 3.84952616692 good
7  7 4.68055200577 4.33736395836 5.92593193054 5.93365311623 5.78583598137 good
7  8 11.8662190437 8.7594499588 11.406318903 9.32744598389 7.77139496803 good
7  9 8.70759081841 12.2931051254 7.95056390762 7.95791387558 10.7350170612 good
7  10 4.84966301918 5.58329415321 4.43264889717 7.76572990417 4.31480908394 good
7  11 9.6701669693 9.2741959095 6.4044239521 6.91219186783 5.25701904297 good
7  12 3.13744401932 3.21624898911 3.22954893112 3.14743185043 3.17517280579 good
7  13 6.63327002525 6.57332086563 6.32773900032 6.71885108948 6.57691907883 good
7  14 4.9093310833 5.09055519104 4.8754119873 5.44936490059 4.78759098053 good
7  15 6.20772600174 5.93059301376 4.39598202705 3.51525998116 4.26818299294 good
7  16 8.07364201546 8.16715097427 7.48959612846 7.86519908905 7.18295407295 good
7  17 6.12540912628 6.57800197601 6.91322016716 6.43628907204 6.6989839077 good
7  18 5.80569410324 5.0006108284 6.16651678085 5.32613396645 5.38371777534 good
7  19 9.60755610466 10.1310789585 10.7289559841 20.6384868622 14.8498561382 good
8  1 0.234344959259 0.237690925598 0.278862953186 0.337471961975 0.231687068939 good
8  2 0.63525390625 1.13789701462 1.94823813438 1.20004987717 1.23709487915 good
8  3 1.08495998383 1.23622512817 1.11375284195 1.18811392784 1.24355888367 good
8  4 1.48324394226 1.48002195358 1.48899888992 1.45814919472 1.6759121418 good
8  5 4.89422798157 5.06548881531 4.42492198944 4.23407101631 6.05829977989 good
8  6 2.73969197273 3.00861215591 1.41177082062 2.72674894333 2.78734588623 good
8  7 2.54771208763 3.52065992355 2.6315100193 3.01030802727 2.55081105232 good
8  8 6.42800998688 5.59803104401 7.29547810555 6.45751905441 8.92636799812 good
8  9 5.42356801033 6.64515399933 5.40435695648 5.80550789833 5.14695000648 good
8  10 10.2443258762 10.0588810444 11.2323400974 11.6708960533 12.2156441212 good
8  11 6.96409010887 9.09451794624 12.195925951 5.4816930294 14.981659174 good
8  12 11.9384441376 11.1957581043 14.6333341599 11.6337330341 12.1974360943 good
8  13 7.74607801437 7.80250597 7.81394100189 6.99564695358 2.99695801735 good
8  14 5.13984107971 4.96322512627 5.54877305031 12.3865919113 14.372740984 good
8  15 14.9726941586 13.5234720707 15.5395300388 12.4687449932 13.693187952 good
8  16 15.4818060398 20.2439489365 18.5234870911 18.2964789867 19.5789840221 good
8  17 21.5504539013 23.7274661064 22.8797090054 21.3074028492 19.026927948 good
8  18 12.3267719746 11.5263550282 10.6237590313 12.4148979187 14.6926651001 good
8  19 25.721670866 9.54430317879 20.7670469284 22.360052824 18.5691010952 good
9  1 0.751619100571 1.46527600288 1.35258197784 1.05406212807 1.40896296501 good
9  2 1.65829110146 2.39140295982 1.70610404015 2.03274893761 2.42404985428 good
9  3 4.23238492012 4.72402095795 6.58337306976 5.83022093773 6.37402415276 good
9  4 6.71347284317 10.4018390179 8.86878991127 12.0035250187 11.6182289124 good
9  5 7.65877890587 8.72426700592 8.34614992142 7.63585090637 11.3330309391 good
9  6 13.3111250401 11.2138309479 11.2991290092 10.6565258503 10.5225980282 good
9  7 8.15429186821 11.2465929985 8.7299258709 11.0600509644 10.3376529217 good
9  8 7.69002699852 9.41757392883 8.80895519257 9.81051802635 7.68794298172 good
9  9 15.0629849434 16.600867033 16.4631638527 11.7370741367 16.091604948 good
9  10 10.4495148659 14.4638390541 15.2753338814 15.9909000397 9.88236689568 good
9  11 17.0357279778 18.4801299572 17.5716118813 16.5921881199 12.7848260403 good
9  12 10.6434409618 10.1130359173 9.39211583138 12.7583780289 11.5600709915 good
9  13 19.4745008945 19.1281149387 19.3311991692 20.4310069084 20.9931378365 good
9  14 10.2088449001 16.8888771534 11.4497230053 11.8559639454 18.9077818394 good
9  15 11.7067680359 14.6019830704 16.1037931442 18.0581488609 14.1160008907 good
9  16 13.9153800011 17.7433629036 12.3825287819 12.9226369858 13.2183392048 good
9  17 26.6887187958 24.4867911339 21.9797110558 26.055314064 22.4325389862 good
9  18 27.5369491577 28.158107996 25.8257548809 22.3585810661 27.405351162 good
9  19 24.7576298714 25.6057701111 24.1824190617 25.2652769089 21.1730849743 good
10  1 0.693100214005 1.49409985542 0.930657863617 1.05492997169 2.49141311646 good
10  2 1.15767788887 1.52758812904 1.21206521988 1.01711678505 1.059071064 good
10  3 3.20418596268 1.59730792046 2.95918917656 2.1595389843 2.56430602074 good
10  4 3.92333102226 3.73275303841 2.51806688309 3.55131697655 6.53233885765 good
10  5 14.928235054 11.7057330608 10.5942468643 8.33701705933 6.46644687653 good
10  6 9.12826395035 10.8157730103 13.3813230991 12.0818939209 7.45010900497 good
10  7 4.75962495804 6.85067605972 6.33182501793 4.04189395905 5.49721598625 good
10  8 13.8419098854 9.32389211655 15.682145834 18.1255559921 14.2051010132 good
10  9 8.92664885521 12.2637441158 10.8333909512 10.5967268944 8.53721189499 good
10  10 5.65092110634 3.98664689064 7.35084295273 9.09555387497 8.14768481255 good
10  11 5.38756608963 11.3516719341 7.20601201057 7.44405388832 7.86496496201 good
10  12 11.5915198326 11.409373045 12.8321671486 8.32741498947 10.6795749664 good
10  13 25.0674338341 26.0196988583 26.4847619534 15.4503679276 25.7390840054 good
10  14 9.53716087341 17.449048996 16.7378268242 23.0486559868 19.7079291344 good
10  15 15.2580730915 13.5330209732 11.552054882 11.397133112 13.8960309029 good
10  16 20.4334800243 28.2742168903 25.6423768997 19.2150571346 25.2441561222 good
10  17 17.8533189297 23.337487936 18.3857650757 19.0267031193 20.5793089867 good
10  18 19.96022892 20.8902919292 20.0687448978 21.8853690624 18.0401000977 good
10  19 27.7777981758 35.8155071735 43.5483291149 33.1371948719 24.9482319355 good
11  1 3.0259680748 2.94396495819 2.87822604179 2.99466300011 2.52618098259 good
11  2 2.44045305252 1.26135611534 1.33639907837 1.30067205429 1.22280597687 good
11  3 2.11372590065 2.00272297859 2.29263710976 2.0344748497 3.11412811279 good
11  4 7.5011639595 5.14662599564 3.63574504852 5.99301505089 7.32766008377 good
11  5 3.35548496246 3.10285115242 3.16835212708 6.23961591721 5.84279894829 good
11  6 8.88400602341 9.59292292595 10.687212944 10.0323870182 9.28049397469 good
11  7 23.0466520786 32.9755790234 15.4465780258 30.3364388943 36.024559021 good
11  8 17.95845294 30.3121199608 20.8168010712 30.1921777725 18.8072531223 good
11  9 32.3277759552 35.3448159695 32.8586828709 27.4767930508 21.6674180031 good
11  10 11.6747000217 11.2346839905 23.5374200344 14.6800229549 12.0018250942 good
11  11 8.5773499012 8.68101000786 8.67993998528 16.3748800755 16.806691885 good
11  12 13.6832830906 14.0563910007 13.9168100357 17.5469238758 15.1673181057 good
11  13 17.0690460205 15.7651791573 9.49050498009 10.2009031773 7.56219410896 good
11  14 7.83380007744 7.58239603043 8.40142583847 8.29202795029 8.37512302399 good
11  15 18.5617079735 20.9504139423 21.9398829937 13.7633879185 21.6035559177 good
11  16 18.1667349339 18.1226959229 9.74908399582 9.33712005615 9.39229893684 good
11  17 23.4653999805 22.8896479607 17.8306789398 22.9142258167 18.5911550522 good
11  18 15.7647869587 28.5764849186 30.7928669453 15.9096601009 49.2510488033 good
11  19 28.1097831726 18.1641561985 37.7243039608 25.1536419392 13.6796560287 good
12  1 0.96516418457 0.971225976944 0.913213968277 0.908550024033 0.932629108429 good
12  2 1.74411392212 1.66800403595 1.44638395309 1.6799800396 1.43678188324 good
12  3 2.7705450058 3.79815888405 17.6921508312 10.6206450462 11.9792020321 good
12  4 17.4369530678 19.4389619827 14.8725609779 9.68597698212 9.67013812065 good
12  5 7.94014692307 8.34859395027 6.94368290901 6.68156790733 6.66800189018 good
12  6 10.918596983 10.2739548683 7.65014100075 11.6348001957 11.6741969585 good
12  7 7.41120100021 10.5857069492 5.04210090637 4.61057186127 4.82117390633 good
12  8 15.7302589417 12.5160210133 12.06488204 29.0549051762 29.8412928581 good
12  9 17.352738142 29.3119668961 15.1362369061 26.7468028069 22.215870142 good
12  10 21.3899509907 23.1643671989 15.1547269821 13.4129030704 14.4740087986 good
12  11 14.1539149284 14.6295089722 18.4047000408 15.3632979393 15.2959308624 good
12  12 22.0241279602 12.3026931286 20.8497488499 19.2227778435 23.7716729641 good
12  13 18.344990015 17.5031590462 18.9425218105 19.1491539478 16.9002730846 good
12  14 39.4829478264 40.9725821018 43.1779501438 28.1708209515 39.8737361431 good
12  15 21.2521739006 21.1456978321 19.1898200512 18.6798479557 10.2237188816 good
12  16 14.750647068 26.7956268787 35.0024712086 25.5817029476 35.1371700764 good
12  17 23.8107049465 26.3689751625 25.9096908569 26.44968009 24.0122320652 good
12  18 30.8368861675 29.7611739635 33.2913749218 30.3768789768 29.5539588928 good
12  19 49.2439520359 28.3781630993 27.3649148941 13.6365058422 27.019603014 good
13  1 3.06214213371 3.12032413483 3.0907459259 2.8306350708 3.08207201958 good
13  2 2.26917290688 1.93565988541 1.91469502449 1.90920996666 1.93608999252 good
13  3 2.69997406006 2.64568090439 3.0014500618 5.01022005081 5.24975800514 good
13  4 9.16681003571 9.47396183014 9.48945784569 10.7938699722 6.76731300354 good
13  5 13.2006709576 11.7734761238 12.1046879292 11.9665901661 13.1174809933 good
13  6 12.818582058 23.5440990925 19.9507510662 14.9601390362 12.181333065 good
13  7 10.5909039974 11.8677129745 11.3161790371 12.3870580196 10.927708149 good
13  8 16.2010970116 12.6528820992 8.06219696999 15.2512259483 14.2779181004 good
13  9 32.9939618111 17.7304809093 15.8391721249 14.5732941628 21.896504879 good
13  10 8.84768390656 8.94702792168 11.3318359852 16.9954409599 23.5437128544 good
13  11 37.1586799622 20.3307709694 20.7753398418 47.2218389511 43.6568338871 good
13  12 16.6533079147 26.7492730618 34.2873489857 50.8554680347 25.5666539669 good
13  13 22.4886548519 8.95571899414 16.7858901024 25.0400629044 9.55081677437 good
13  14 50.0860249996 22.5049610138 22.9155569077 23.8636741638 22.2211668491 good
13  15 15.3984689713 23.6062150002 11.881071806 11.9457988739 25.399613142 good
13  16 23.1162750721 25.9216711521 14.4980299473 19.8751149178 56.4187819958 good
13  17 39.568928957 37.0425770283 73.2792580128 40.0476601124 56.8081600666 good
13  18 33.2490339279 24.5688869953 20.4739441872 27.9254169464 31.2621898651 good
13  19 29.0737831593 25.3741440773 18.9918570518 27.3058710098 15.4929611683 good
14  1 10.321130991 7.83763098717 15.164757967 13.2587959766 15.724916935 good
14  2 4.59564995766 7.96734189987 4.29058098793 4.7327568531 7.93977093697 good
14  3 6.89239501953 7.46900510788 7.74592900276 6.20564603806 6.05012607574 good
14  4 8.16150999069 8.56418704987 10.8062391281 8.62469577789 8.379778862 good
14  5 12.9202709198 12.5156869888 13.3018350601 12.9768259525 7.3369269371 good
14  6 7.49902391434 13.7149250507 14.1408779621 14.9117491245 15.280315876 good
14  7 13.1505761147 7.35037302971 14.9389331341 7.686013937 7.78780889511 good
14  8 7.06186699867 7.27902793884 9.71691083908 17.5804889202 15.0315949917 good
14  9 51.5124070644 26.1097738743 26.1212239265 47.5100269318 46.8951349258 good
14  10 60.8300471306 29.1243379116 20.7455468178 26.3661999702 30.3385009766 good
14  11 31.720911026 29.6007847786 35.5853438377 34.4528138638 23.7977471352 good
14  12 21.3111560345 22.4881138802 20.2830488682 20.4082200527 21.2639200687 good
14  13 34.8966629505 32.3750941753 37.777023077 66.9662849903 48.9494898319 good
14  14 58.9974210262 64.8525049686 46.3908171654 27.4668529034 28.640652895 good
14  15 11.8209221363 50.745372057 51.8971350193 48.7261199951 50.2717459202 good
14  16 53.788752079 53.5792248249 13.6880309582 14.6847250462 16.6354510784 good
14  17 46.5065398216 45.5117628574 41.7871320248 41.7479310036 52.0496461391 good
14  18 21.0953321457 19.5325160027 18.7975819111 72.7640821934 72.6495330334 good
14  19 108.533568144 44.2902741432 28.2634220123 92.6570131779 74.7387480736 good
15  1 3.86128902435 4.7002351284 4.37635803223 4.58147788048 4.6027340889 good
15  2 3.02185106277 4.89697384834 7.31241512299 5.0295279026 5.1783349514 good
15  3 16.0920760632 13.3636038303 17.2129449844 17.1450309753 4.90546393394 good
15  4 4.08512687683 4.37376689911 4.22431087494 4.28862404823 4.47798109055 good
15  5 7.01601290703 6.93745517731 11.277657032 6.74678206444 6.9339389801 good
15  6 7.91807484627 7.93691682816 7.61102509499 7.96729111671 7.54826498032 good
15  7 8.24753904343 8.50465106964 7.78702497482 9.96324801445 29.3730859756 good
15  8 20.6245949268 26.056347847 51.7463169098 60.3744580746 59.7687149048 good
15  9 81.9828619957 93.6747820377 70.7249550819 56.5098028183 81.1205179691 good
15  10 63.2939639091 47.0150251389 24.6870999336 34.3279628754 50.2530379295 good
15  11 26.2162930965 17.576362133 13.3520929813 12.9754800797 15.037211895 good
15  12 38.2955088615 18.8545320034 16.8202941418 17.2185051441 31.9463210106 good
15  13 33.572229147 38.351416111 41.7813940048 13.1158978939 15.2123610973 good
15  14 28.157132864 26.9841899872 31.4644501209 27.2009959221 26.8094511032 good
15  15 41.7090361118 39.4118688107 44.2461400032 40.1057910919 39.920717001 good
15  16 72.4090299606 70.6544280052 40.5704669952 36.6677129269 35.1252479553 good
15  17 16.4340789318 15.9298548698 18.3083279133 19.5503041744 16.7676990032 good
15  18 37.8704020977 77.4003169537 103.878886938 86.0642879009 95.3113350868 good
15  19 60.0749158859 32.6316401958 20.9362800121 27.37657094 27.2204098701 good
16  1 1.46700310707 1.4707710743 1.53117585182 1.50702190399 1.44426822662 good
16  2 4.8676609993 4.43692088127 4.33510708809 5.48054885864 4.97200584412 good
16  3 5.03393101692 4.94360399246 5.05188107491 5.13284897804 5.06011295319 good
16  4 4.87938690186 14.2549791336 18.0562491417 16.1006281376 7.02823901176 good
16  5 6.07940888405 6.01358103752 6.00615787506 6.08092808723 6.24180817604 good
16  6 7.84351301193 8.0334250927 8.41148996353 8.08236289024 7.91947007179 good
16  7 9.63697504997 10.4056611061 9.22229599953 20.7499899864 16.6399929523 good
16  8 18.0941491127 15.1918549538 16.6412608624 17.3164739609 15.6070349216 good
16  9 14.1667819023 19.3156759739 16.883161068 9.54701709747 23.9411067963 good
16  10 52.1290891171 54.8514649868 52.3056671619 51.9712109566 51.2058529854 good
16  11 30.0396301746 14.2701060772 15.9198329449 14.3234798908 32.3769440651 good
16  12 29.7727189064 26.6788179874 19.3813738823 18.155479908 18.6452600956 good
16  13 14.181265831 24.433423996 36.2081050873 28.7421090603 28.1981639862 good
16  14 73.8131768703 67.7032008171 69.6375870705 73.4806189537 75.7262189388 good
16  15 41.2618939877 37.3095939159 41.0596408844 40.33031106 39.0588648319 good
16  16 84.9214410782 35.8931658268 35.1487338543 80.8299520016 34.9683811665 good
16  17 63.7184720039 107.713382959 75.5306949615 58.3906080723 68.0076551437 good
16  18 48.4052839279 49.2821989059 53.6160469055 50.9913439751 49.1029670238 good
16  19 32.7722961903 31.4949188232 30.9753770828 19.8526160717 44.5431668758 good
17  1 3.41222405434 3.39444708824 3.55882811546 3.41754698753 3.12836694717 good
17  2 4.64779281616 7.01768612862 6.44111990929 7.32629680634 6.67902588844 good
17  3 9.64087700844 7.07977104187 4.85373687744 5.64783501625 7.46518707275 good
17  4 33.3362388611 40.2822470665 42.4751679897 42.915158987 40.2096850872 good
17  5 15.5140330791 15.1070978642 14.9121818542 15.102943182 15.5745429993 good
17  6 31.6361689568 36.1886188984 41.290803194 42.0216798782 46.1742930412 good
17  7 36.7670631409 34.2001430988 35.4172990322 34.0508480072 34.0888359547 good
17  8 47.8302650452 44.0834929943 46.7413039207 45.6147270203 32.2623531818 good
17  9 25.5443460941 22.165471077 24.878456831 24.0257358551 22.180284977 good
17  10 32.0249769688 31.3258678913 30.3568189144 29.7690520287 28.4882969856 good
17  11 28.1646420956 26.2854809761 26.7851378918 42.048913002 27.6390800476 good
17  12 87.495527029 87.5512669086 82.8029558659 81.3082399368 85.6176149845 good
17  13 49.2446010113 46.539162159 24.8150010109 14.8540978432 14.6391029358 good
17  14 17.4661509991 56.2964391708 36.8540959358 23.0699470043 70.6701748371 good
17  15 53.1094551086 42.4113240242 19.678730011 33.9898359776 25.187319994 good
17  16 26.6612651348 29.7386579514 41.7878119946 24.1001560688 25.2902789116 good
17  17 88.3736388683 98.7089400291 85.896723032 84.0044078827 178.917932034 good
17  18 109.096965075 79.9750421047 115.30785799 78.9091248512 42.5373258591 good
17  19 51.7382719517 52.8649919033 51.5713698864 50.985918045 51.2616841793 good
18  1 1.76676392555 1.753937006 1.78158092499 1.71833109856 1.75827693939 good
18  2 3.3741748333 2.78938293457 2.77679800987 2.86572909355 3.43269109726 good
18  3 4.20863699913 4.30169320107 4.78297305107 4.31898999214 4.33947896957 good
18  4 5.69019794464 5.22804284096 13.6604158878 5.76616001129 5.36373209953 good
18  5 22.0045289993 22.5704069138 22.9959199429 22.1742291451 22.056814909 good
18  6 9.17797994614 7.81767487526 8.08064818382 8.00511312485 15.9377570152 good
18  7 3323.3311851 2712.07543397 28.6686120033 29.2438280582 2457.35500216 good
18  8 19.4067630768 19.2461681366 19.3133249283 21.0077450275 21.745901823 good
18  9 35.5259830952 33.5250771046 32.8813560009 33.3682749271 33.2701711655 good
18  10 40.8612799644 32.4213550091 34.9875679016 24.0946319103 19.8212449551 good
18  11 16.5519580841 16.9767670631 35.9507761002 17.3763959408 15.3964810371 good
18  12 21.3680460453 20.6920537949 15.044372797 16.4476690292 14.9186429977 good
18  13 50.0128450394 49.3411958218 40.9972879887 47.6051888466 44.113109827 good
18  14 31.3702759743 32.3885641098 31.4435019493 30.8631529808 32.5742161274 good
18  15 20.7685949802 21.7696578503 22.3664669991 22.5985209942 32.1684319973 good
18  16 22.4501008987 20.8583769798 20.3805308342 21.2479622364 19.1917901039 good
18  17 30.8460271358 31.6659660339 32.2676901817 30.9808580875 31.2599868774 good
18  18 60.5797679424 59.6582131386 59.4145960808 60.3893449306 120.344970942 good
18  19 79.6750030518 52.643999815 48.629737854 73.8485479355 86.0006940365 good
19  1 9.89238500595 9.53877210617 8.59661602974 3.50808310509 3.53229093552 good
19  2 9.87004590034 11.3262960911 6.3262720108 6.55045700073 11.6594061852 good
19  3 14.4536700249 13.2956840992 14.1862399578 32.5300848484 29.4152371883 good
19  4 13.7015280724 27.8639059067 20.6446828842 10.7718980312 11.7770469189 good
19  5 9.10819602013 7.47829914093 7.51167798042 7.72625684738 7.9497730732 good
19  6 53.5479590893 38.5287730694 33.1482949257 33.5145938396 31.3245310783 good
19  7 13.6021709442 29.8853130341 19.1167459488 14.8784589767 13.6540248394 good
19  8 15.3197908401 15.0019681454 15.5439579487 14.4470388889 14.5351610184 good
19  9 40.0063130856 53.8142879009 44.5526840687 36.5725660324 39.541312933 good
19  10 25.8636639118 28.1511991024 40.3837409019 24.5765719414 39.4780561924 good
19  11 65.3589560986 59.9371771812 48.0891900063 56.7246880531 54.9320869446 good
19  12 50.1333460808 81.8217070103 94.7857129574 47.3041350842 47.080655098 good
19  13 27.7463190556 27.0349559784 27.29865098 32.7489988804 62.1305451393 good
19  14 22.8015449047 29.7221839428 27.7316260338 33.0238749981 46.3142650127 good
19  15 34.5578529835 21.9984679222 26.1416831017 42.0112090111 58.6966929436 good
19  16 75.5693528652 44.1012229919 39.6364989281 34.6686098576 58.3100790977 good
19  17 64.2200260162 70.9631710052 85.7660241127 103.574042082 100.892933846 good
19  18 53.1695768833 61.8545808792 79.2388880253 98.5738530159 98.2087790966 good
19  19 59.0090491772 58.6034450531 49.2079050541 36.3428709507 37.6661310196 good
20  1 3.81690001488 3.70417404175 3.70324397087 3.83514785767 3.67410778999 good
20  2 3.78994989395 3.68188500404 4.22430515289 4.56307697296 4.19971585274 good
20  3 5.72767400742 6.0105741024 5.19176697731 5.73267412186 5.3609790802 good
20  4 7.91464805603 7.91252589226 8.50149393082 7.74541592598 7.48281002045 good
20  5 35.5888850689 35.8968639374 32.5958039761 35.9365818501 35.8895258904 good
20  6 35.1737918854 33.6068029404 33.4658370018 34.7135169506 41.0519959927 good
20  7 24.9792759418 26.4891810417 25.2740871906 23.6665568352 13.0493040085 good
20  8 13.0480029583 13.2650241852 13.1055498123 13.269742012 13.0345330238 good
20  9 15.0173830986 15.8324620724 15.5419790745 15.4006271362 14.3630230427 good
20  10 16.0630500317 17.5342140198 17.1017248631 17.603302002 25.8979790211 good
20  11 55.9288899899 74.209487915 54.9514391422 47.3912880421 50.0630781651 good
20  12 68.1944680214 109.252251863 80.7016320229 104.09671092 74.6809439659 good
20  13 21.2356920242 22.6762259007 22.0430390835 22.9204630852 24.4984140396 good
20  14 58.2089190483 62.9891610146 63.5269539356 59.5630269051 59.5877709389 good
20  15 24.3881349564 28.8988699913 33.0711910725 28.4420711994 26.7911250591 good
20  16 119.667397022 88.9338371754 101.887499094 91.9758229256 84.2184958458 good
20  17 105.646444082 110.558429003 114.858638048 91.7775268555 88.1891460419 good
20  18 116.277096987 76.3951079845 76.3878879547 93.5785069466 97.3632559776 good
20  19 79.8118979931 78.7320640087 67.9039049149 82.1273720264 73.4678361416 good
21  1 2.88906311989 2.31450104713 2.28381705284 2.29726099968 2.42796397209 good
21  2 6.89291596413 8.28718400002 14.3386399746 6.12917709351 7.70599603653 good
21  3 46.7026929855 30.7302000523 51.7592260838 33.2338781357 37.357820034 good
21  4 22.7783999443 19.7663059235 21.1154119968 20.4258401394 23.0553748608 good
21  5 9.68887710571 9.71516704559 9.48243808746 11.5580060482 12.0138888359 good
21  6 16.3501520157 16.4024219513 16.3899378777 15.853566885 15.9634971619 good
21  7 43.6732361317 48.2442069054 41.0294179916 41.4005479813 47.1159272194 good
21  8 14.2736339569 13.7822680473 25.1659238338 13.8650829792 25.0337238312 good
21  9 32.1483550072 38.8206439018 22.4360039234 22.281649828 22.7652339935 good
21  10 85.7079701424 90.8734109402 81.3239631653 97.1667599678 58.7621850967 good
21  11 48.6872980595 45.6026690006 25.7284879684 39.6744329929 24.2479519844 good
21  12 29.4804210663 32.399641037 35.443062067 30.7093758583 31.4676530361 good
21  13 75.4007189274 54.8072040081 55.0436859131 34.388147831 33.397744894 good
21  14 35.7558989525 34.5909459591 35.0906801224 49.7010059357 76.788383007 good
21  15 43.7838411331 32.6571581364 30.74304986 33.4729230404 32.703316927 good
21  16 55.1103820801 64.4949901104 60.9335680008 56.0818009377 56.4598481655 good
21  17 30.5871829987 28.161935091 31.3683390617 29.3665409088 27.7150089741 good
21  18 37.9336998463 35.3744421005 36.2641999722 36.3386769295 38.8373448849 good
21  19 89.836261034 84.1754698753 85.4065430164 86.7864398956 87.1507639885 good
22  1 2.7159409523 2.68995094299 2.71651983261 2.75109791756 2.66999387741 good
22  2 13.1989531517 14.0596470833 15.1213920116 14.6549079418 15.165678978 good
22  3 14.1604559422 12.9821820259 12.6398591995 12.425098896 12.0429868698 good
22  4 13.3964440823 13.3277869225 13.2146930695 13.1396431923 13.2352850437 good
22  5 33.1368188858 31.2900779247 32.6924259663 30.7673361301 32.6945478916 good
22  6 12.0849781036 11.7224650383 10.9716567993 11.737639904 12.8169801235 good
22  7 18.1811199188 17.1958858967 19.0669569969 18.2785990238 17.4325711727 good
22  8 28.1743710041 28.3335680962 28.5385150909 28.3423650265 29.6982610226 good
22  9 29.0943791866 30.5006871223 29.7977108955 29.2744889259 30.2223169804 good
22  10 23.4480249882 23.6876420975 23.3494710922 23.7973160744 24.0118281841 good
22  11 21.2367620468 21.6336040497 21.0554230213 20.5439209938 21.571406126 good
22  12 24.3018801212 23.541462183 23.4355239868 22.0566959381 23.8903651237 good
22  13 110.938352108 194.175835133 126.774420023 70.514275074 70.1377589703 good
22  14 25.9941520691 27.721146822 29.3999028206 27.4237339497 26.8796479702 good
22  15 33.3642640114 30.8741121292 32.0509538651 30.6096961498 32.8410699368 good
22  16 66.0246629715 68.3129169941 68.3150150776 70.0780711174 69.3997850418 good
22  17 95.684967041 88.6396720409 90.8450238705 96.5110669136 98.9144749641 good
22  18 62.1286821365 65.1074168682 66.8427591324 62.0879349709 63.5493509769 good
22  19 42.2229290009 43.4618699551 42.3755800724 41.9140980244 44.820152998 good
23  1 5.30016613007 5.08346605301 5.1556801796 5.82956695557 5.20226597786 good
23  2 6.20435881615 6.39221096039 4.92530298233 5.68961000443 5.99392199516 good
23  3 9.02702999115 8.69088411331 8.66582489014 8.91993713379 8.64154887199 good
23  4 13.6023879051 12.9922101498 13.1165721416 13.0679249763 14.173719883 good
23  5 15.8191399574 15.3301308155 15.0916900635 14.8552889824 14.4855229855 good
23  6 138.618955851 188.660393953 237.18100214 477.505465984 348.71645999 good
23  7 15.181581974 14.1334810257 14.669331789 38.7876431942 41.2858560085 good
23  8 82.0621750355 59.1825289726 63.9607758522 64.0610070229 56.1798419952 good
23  9 58.3386631012 58.6116881371 58.129322052 58.6961870193 57.8117780685 good
23  10 21.3062949181 21.6802840233 19.9841840267 21.1133861542 19.9645249844 good
23  11 34.9879851341 34.8321578503 36.0050430298 33.9159810543 35.3127388954 good
23  12 29.0657889843 29.3693730831 29.8240380287 28.6170790195 30.0182139874 good
23  13 28.4555630684 28.4903140068 29.3751049042 27.2741160393 26.951157093 good
23  14 60.8473501205 54.6169509888 57.8255569935 73.4952800274 105.214846134 good
23  15 38.3021609783 73.1349358559 74.2558119297 43.6262140274 35.692152977 good
23  16 48.9833168983 48.8487319946 49.6035890579 53.8846411705 48.6973500252 good
23  17 43.9204149246 40.4089741707 41.0052270889 39.8514339924 39.4154651165 good
23  18 47.4992809296 52.8167719841 50.0886869431 105.47556901 80.3858339787 good
23  19 116.938171148 124.620096207 209.441904068 112.225582123 106.747488976 good
24  1 3.06881403923 3.11863398552 3.14855599403 3.16625499725 3.26365113258 good
24  2 6.64818000793 5.27261996269 5.3679330349 5.28385281563 5.37018489838 good
24  3 7.7676680088 7.93884396553 8.03137588501 8.3623521328 8.07352280617 good
24  4 16.1518890858 27.1322491169 17.4135010242 15.4920949936 15.8914020061 good
24  5 12.4820420742 12.2349290848 12.4520380497 12.8096950054 13.4954738617 good
24  6 56.0051648617 60.2952990532 52.3228390217 52.4789860249 84.026870966 good
24  7 59.1884229183 49.239454031 44.2019450665 55.6460740566 37.3379499912 good
24  8 18.8625879288 44.611921072 48.2375910282 49.9299418926 44.3421680927 good
24  9 38.0779421329 84.9065880775 48.3206729889 39.0690050125 36.7473409176 good
24  10 33.7718520164 33.3485240936 33.2683460712 32.1937541962 30.6599321365 good
24  11 75.2247810364 122.77779007 87.354804039 116.080342054 127.730779886 good
24  12 27.7160360813 27.8422279358 27.5343110561 27.5560190678 28.9782440662 good
24  13 45.2951459885 94.7168080807 58.3461420536 61.8107910156 45.6081318855 good
24  14 32.1948330402 60.2232260704 58.4131069183 32.6871459484 59.565746069 good
24  15 98.2699790001 130.706178904 106.153209925 101.00048995 99.8218140602 good
24  16 82.4142670631 108.45191884 80.7949359417 82.0990900993 83.0714030266 good
24  17 38.9720640182 37.2348279953 108.585723162 109.922927856 116.585732937 good
24  18 113.835117102 111.316817999 111.453696966 116.412807941 111.208412886 good
24  19 49.1662008762 75.956029892 53.6956310272 78.7440240383 62.1446211338 good
25  1 5.47953915596 5.28851103783 5.50713515282 5.3292658329 5.33375096321 good
25  2 7.48252511024 8.71365714073 7.03440308571 12.5706460476 7.74217891693 good
25  3 24.3792140484 23.6896920204 24.8626248837 25.5979859829 30.9783501625 good
25  4 15.9586920738 12.058245182 24.6455850601 20.3825390339 15.5794408321 good
25  5 23.0759420395 19.0900690556 14.1495540142 13.0050160885 13.0597851276 good
25  6 49.4400448799 86.2853529453 50.2095890045 52.0704228878 53.6335549355 good
25  7 64.9356100559 97.9364659786 66.4705681801 75.9779839516 70.2577190399 good
25  8 19.4368598461 22.1619729996 28.9603819847 27.8397221565 20.3726539612 good
25  9 56.829406023 99.0155169964 68.1793348789 58.6743628979 60.0582938194 good
25  10 38.9341311455 39.3946461678 38.9791989326 38.6693079472 39.7366409302 good
25  11 26.865309 26.133908987 28.3560569286 29.9093849659 27.0250020027 good
25  12 27.6384499073 44.3318600655 43.3403120041 43.2478611469 42.8747460842 good
25  13 102.084335089 130.008798838 75.3928458691 73.3760890961 83.1189579964 good
25  14 35.465583086 36.6630198956 35.4013419151 39.55093503 36.7238810062 good
25  15 59.1202318668 36.0875959396 57.1082589626 39.5006129742 44.0945138931 good
25  16 207.188021183 162.02028203 141.132158041 113.227177858 177.109902143 good
25  17 72.3908908367 68.1612119675 42.6877019405 45.6631920338 68.1488201618 good
25  18 133.104830027 157.624298096 187.990194798 185.725217104 134.172046185 good
25  19 137.914339066 98.9400060177 137.908891916 74.7712218761 98.8035209179 good
26  1 18.7506229877 21.9266650677 21.8287348747 10.7157590389 8.46619796753 good
26  2 7.15181303024 5.9867708683 6.5390291214 12.1847989559 18.8794670105 good
26  3 22.0911118984 10.9935269356 17.7584791183 13.4832139015 10.7870948315 good
26  4 12.3722000122 11.670691967 13.1755371094 12.3607339859 25.2565479279 good
26  5 32.9901149273 15.0195348263 14.8579509258 16.3087329865 17.5733819008 good
26  6 70.3335649967 69.7004029751 67.4774949551 68.5287981033 68.0137228966 good
26  7 20.8101370335 20.0126159191 21.4547488689 45.1806299686 49.9853160381 good
26  8 61.6867311001 54.7281420231 46.9356188774 20.8635370731 21.1159110069 good
26  9 31.6692330837 30.473418951 28.7505550385 29.1311869621 39.4844670296 good
26  10 121.978911161 110.952991009 25.6773340702 94.1222729683 95.6464159489 good
26  11 126.491085052 99.6522989273 122.661267996 167.099461079 141.553462982 good
26  12 145.161053896 102.882845163 100.128626823 103.751533985 105.996624947 good
26  13 102.493706942 109.793634176 108.268767118 123.950232029 118.208296061 good
26  14 81.1497049332 74.1920077801 71.8764748573 70.9479341507 70.5511159897 good
26  15 120.507233858 125.298422813 132.736142874 124.475425005 124.011614084 good
26  16 55.5258569717 54.0325109959 52.0882480145 69.8622250557 130.870820999 good
26  17 257.101231813 253.721886158 260.316066027 249.395261049 102.961698055 good
26  18 63.0595829487 59.8816120625 63.1162729263 61.0312030315 61.0866439342 good
26  19 102.498587132 101.760088921 138.449182034 131.49404192 102.636708975 good
27  1 7.0875980854 6.52222704887 5.53847193718 6.43506383896 6.39165592194 good
27  2 8.90470099449 6.38030481339 8.81682395935 8.48161005974 8.57952189445 good
27  3 10.2108139992 11.3675060272 11.8877928257 11.3494107723 11.1490530968 good
27  4 11.7436380386 12.6249752045 13.357175827 13.812155962 11.9181520939 good
27  5 21.0526649952 21.0848429203 21.4174480438 19.7660059929 21.5129179955 good
27  6 26.1784849167 22.6302120686 24.6681199074 21.7291169167 24.8018751144 good
27  7 30.8430747986 27.7506570816 25.5760648251 31.4709758759 28.1992938519 good
27  8 40.0018007755 67.0591218472 41.0421769619 40.5792789459 41.4535820484 good
27  9 49.5919799805 48.3767139912 46.7103850842 46.3694229126 49.8663258553 good
27  10 33.991615057 51.9182310104 31.5826079845 32.9555599689 31.6830909252 good
27  11 31.5859909058 31.8145577908 33.2063660622 32.4841859341 33.2439959049 good
27  12 113.266051054 113.54440403 118.371765852 118.557154179 115.57181716 good
27  13 142.379833937 110.803781986 176.661709785 90.3114619255 92.6570150852 good
27  14 75.5760951042 98.2798709869 174.614844799 106.839866877 76.2369711399 good
27  15 62.0974769592 57.6216621399 117.19955802 54.5781390667 56.3655879498 good
27  16 52.0276670456 51.0860490799 71.2877168655 52.3982169628 57.6843290329 good
27  17 48.969326973 54.6140239239 51.3583090305 51.0585019588 48.6952950954 good
27  18 114.03731513 88.9864010811 85.939814806 112.102996111 121.259404898 good
27  19 96.0411541462 179.571263075 128.617820978 116.692878008 96.1666748524 good
28  1 4.37657189369 4.42353701591 4.23440599442 4.35775899887 4.10779809952 good
28  2 8.94991803169 7.65741491318 9.44386696815 8.71330308914 8.86091399193 good
28  3 18.3284959793 16.535597086 18.4837348461 17.9627039433 18.1787519455 good
28  4 15.2047359943 14.9670388699 15.4616529942 15.0441131592 13.8909699917 good
28  5 16.154312849 17.5683867931 26.2770731449 21.4741179943 16.4626531601 good
28  6 19.1918520927 20.0916609764 20.2433540821 20.9608018398 20.6429150105 good
28  7 22.723608017 23.221159935 23.8734238148 21.3360459805 21.5857172012 good
28  8 45.9751460552 54.4421179295 52.1221539974 46.4976511002 52.474725008 good
28  9 127.373646975 123.683973074 113.055464029 109.999558926 106.366266966 good
28  10 35.2653110027 67.0708398819 64.3396458626 38.6095089912 36.9281730652 good
28  11 48.8748309612 60.3616449833 74.0278060436 63.4364738464 47.079843998 good
28  12 56.0962331295 55.3375749588 92.9221570492 50.3959131241 52.6136569977 good
28  13 42.8119819164 40.0240008831 39.3246891499 41.4734380245 38.7682750225 good
28  14 110.520855904 139.40358305 109.48565793 109.828569174 97.2579958439 good
28  15 109.152048111 139.814455986 115.800670862 158.926603079 107.3071661 good
28  16 71.8049361706 106.727520943 50.0695090294 63.5179650784 48.2982161045 good
28  17 57.7340447903 57.3922078609 59.4464521408 64.0278120041 56.3403670788 good
28  18 200.671983957 193.911911964 168.839910984 202.457887888 174.503823042 good
28  19 100.766201973 94.5807721615 103.688861847 96.4171040058 96.5633070469 good
29  1 7.85404014587 7.84255599976 7.79633498192 6.7561609745 7.93156290054 good
29  2 9.8607339859 10.6046841145 9.36855196953 9.92879009247 8.98562908173 good
29  3 13.8393399715 14.7770109177 14.6640660763 14.4672708511 15.7262251377 good
29  4 22.2274839878 24.416631937 23.8014149666 24.4866111279 24.5677769184 good
29  5 42.9658200741 29.7008140087 35.2329480648 34.3632030487 47.8503580093 good
29  6 140.572348118 165.654603004 113.538286924 99.9793899059 108.042284012 good
29  7 99.2907109261 124.962450981 122.737159014 96.7185640335 98.7908530235 good
29  8 31.5819921494 30.9366760254 31.764414072 27.5086669922 28.7504861355 good
29  9 72.8014779091 72.6916069984 71.5236439705 75.0993578434 76.5747308731 good
29  10 123.473595142 126.540663004 140.256738186 124.25819397 164.821360826 good
29  11 79.1868379116 47.9807288647 36.0887930393 84.784840107 52.8165309429 good
29  12 48.7335460186 80.9057950974 90.3510980606 107.982534885 58.9324338436 good
29  13 57.5350699425 58.2149419785 186.140058041 73.217564106 99.5399179459 good
29  14 58.6026940346 45.7531330585 45.1190910339 49.4285140038 47.3737800121 good
29  15 59.3557469845 64.992800951 59.6045160294 60.9779970646 57.7516648769 good
29  16 88.4853408337 63.1755480766 81.0466330051 79.9168870449 82.3811380863 good
29  17 99.6409580708 57.0555970669 123.257128 108.955868959 81.6846728325 good
29  18 126.969871998 71.7630269527 73.0483129025 74.9448099136 75.689155817 good
29  19 79.9299490452 77.6282770634 73.4269938469 80.2827658653 80.614593029 good
30  1 15.8902058601 16.211687088 16.1141340733 15.7619481087 15.9172751904 good
30  2 58.6053638458 57.4433720112 73.1048948765 77.3566050529 61.3552958965 good
30  3 16.4016671181 13.8115711212 12.4694678783 13.3826191425 11.6676609516 good
30  4 24.754447937 25.4533848763 26.4674811363 24.0787670612 23.1650309563 good
30  5 21.6367330551 22.2418689728 29.681483984 22.4315829277 20.9014289379 good
30  6 26.3703680038 22.1554460526 46.8480169773 27.5788478851 26.6700360775 good
30  7 111.731079817 101.895285845 151.150529146 101.494250059 55.7864661217 good
30  8 60.1525270939 70.6249508858 62.5321822166 60.7364871502 57.5202350616 good
30  9 19.1058499813 19.5951619148 16.8014321327 18.7211711407 18.0435268879 good
