3 0.539103984833 0.602661848068 0.507764101028 0.411148071289 0.589039087296 0.540446996689 0.71404004097 0.63979101181 0.849558830261 0.443689823151 0.581863880157 0.770873069763 0.657536029816 0.634167909622 0.686839818954 good
4 0.738209009171 0.417022943497 0.829185009003 0.627517938614 0.545547008514 1.1400680542 0.453824996948 0.429172992706 0.846015930176 0.982147932053 0.472007989883 0.522636175156 0.530889987946 0.609004020691 0.813034057617 good
5 0.395331144333 0.45467209816 0.477914094925 0.561619997025 0.68119597435 0.342916965485 1.11162495613 0.457083940506 0.388714790344 0.456717967987 0.336603879929 0.536354064941 0.489992141724 0.361492872238 0.382236003876 good
6 0.336239099503 0.295978069305 0.648315906525 0.28125500679 0.436481952667 0.379678964615 0.478152990341 0.504498958588 0.441859960556 0.322410821915 0.509368181229 0.338721990585 0.481908082962 0.351069927216 0.341125011444 good
7 0.418208122253 0.745025873184 0.87516784668 0.352190971375 0.359704971313 0.593781232834 1.45828700066 0.809530973434 0.398344039917 0.731215953827 0.641864061356 0.575844049454 1.05055403709 0.519680023193 0.665339946747 good
8 0.331000089645 0.339205026627 0.374211072922 0.649908781052 0.377982854843 0.500644922256 0.354979038239 0.704205989838 0.408645153046 0.364125013351 0.305345058441 0.350914001465 0.656194925308 0.364106893539 0.586400032043 good
9 0.942536830902 0.945104122162 0.753584861755 0.370715856552 0.937263965607 1.23178291321 0.919963121414 0.954971075058 0.75159907341 0.706083059311 1.01896810532 1.13073897362 1.22675299644 1.10483217239 0.499885082245 good
10 0.756968975067 0.687273979187 0.462944984436 0.670946121216 0.843714952469 0.383407831192 0.463828802109 0.441160917282 0.650563001633 0.378598213196 0.459742069244 0.469396829605 0.37503194809 0.513998985291 0.642517089844 good
11 3.10827612877 1.09851908684 0.464365959167 2.46827912331 1.18816804886 0.439002037048 1.26325392723 3.65433287621 2.46740317345 3.31627392769 2.94960618019 1.46426010132 3.64880084991 2.68402099609 3.99686098099 good
12 0.543107032776 0.38471198082 0.509213924408 0.405448913574 0.408077955246 0.657529830933 0.404805898666 0.355286836624 0.336948156357 0.367803096771 0.360345125198 0.379172801971 0.742590904236 0.548301935196 0.609855890274 good
13 0.560549020767 0.963957071304 0.445811986923 0.41824388504 0.393738031387 0.391761064529 0.313638925552 0.338428020477 0.546011924744 0.450382947922 0.575999975204 0.754688978195 0.452824831009 1.10613799095 0.349503993988 good
14 0.499547958374 0.85133600235 0.787457942963 0.654824018478 0.610203027725 0.817354917526 0.574804067612 1.34549593925 0.682874917984 0.643999099731 0.551972150803 0.521873950958 0.732542991638 0.343957901001 0.724995136261 good
15 0.806189060211 0.503480911255 0.758621931076 0.81053185463 0.618188142776 0.75634098053 0.461464166641 0.466615915298 0.635671854019 0.670804977417 0.646529912949 0.549398899078 0.701364040375 0.62006020546 0.748106956482 good
16 0.669384002686 0.490831851959 0.534280061722 0.998489141464 0.459629058838 0.591544151306 0.785207986832 0.460919857025 0.548979043961 0.444180011749 0.397425889969 0.478219032288 0.52308511734 0.884356975555 0.420717000961 good
17 0.834692955017 1.1266169548 0.930806159973 0.611346960068 0.638439893723 0.960435152054 0.489241838455 5.42475700378 0.852606058121 0.965577840805 0.946308135986 0.992541790009 1.15354394913 0.58340883255 0.705476999283 good
18 1.25574994087 1.46713614464 1.59957408905 1.35608386993 1.19976305962 1.27556490898 1.59226107597 1.7878909111 1.20682477951 1.25240397453 1.30602908134 1.66635203362 1.41671681404 1.39764904976 1.39741396904 good
19 0.668351888657 0.356825113297 0.738868951797 0.603805065155 0.735139846802 0.355955123901 0.391206979752 0.31925702095 0.571848154068 0.503232955933 0.569426059723 0.432197093964 0.454768896103 0.500118970871 0.378408908844 good
20 0.881433963776 1.43317008018 0.832692861557 0.704941987991 0.614032030106 0.555559158325 0.580994844437 0.999930858612 0.671184062958 0.675399065018 0.739508867264 1.77061605453 0.727092027664 0.800307035446 1.14037799835 good
21 0.513921022415 0.531916856766 0.764456987381 0.652302980423 0.918220043182 1.43967819214 0.862452030182 0.829649925232 0.88859796524 0.743075847626 0.576642036438 0.570076942444 0.674383163452 0.436319112778 0.337251901627 good
22 0.480518102646 0.733916044235 1.03603315353 0.654858112335 0.81280207634 0.417507886887 0.641633033752 0.959128856659 0.508416891098 0.519320011139 0.831040859222 0.528079986572 0.511049985886 1.11131310463 0.584245920181 good
23 0.676364898682 0.760181903839 1.04304790497 0.75146818161 1.48680591583 0.769111156464 0.435764074326 0.854373931885 0.656469106674 1.03626918793 0.757478952408 0.530699014664 1.37827801704 0.378232002258 0.710018157959 good
24 0.434566020966 0.599139928818 0.396326065063 3.81076407433 5.04308509827 0.581958055496 3.76482391357 0.420440196991 0.856776952744 0.813415050507 0.753131151199 4.1791369915 0.657284021378 0.582237005234 0.537336111069 good
25 0.473581075668 0.665549039841 0.355250835419 0.37692284584 0.678632974625 0.65344786644 0.900065898895 0.901313066483 0.418652057648 0.440680027008 0.37268614769 0.561024904251 0.393149137497 0.551514863968 0.520781040192 good
26 5.54542899132 0.41707777977 1.03954195976 0.479901075363 5.03575491905 0.708096027374 0.490812063217 0.770477056503 0.480475902557 0.430276870728 0.699724912643 5.48653817177 5.52775192261 0.497179985046 5.39678311348 good
27 0.722464799881 0.505721092224 1.1476290226 0.599495887756 1.1727938652 0.719454050064 0.658336877823 0.617685079575 0.768773078918 0.63857793808 0.661937952042 0.517082929611 2.53555202484 0.585672140121 0.665440797806 good
28 0.383414030075 0.623526096344 0.545113801956 0.386682987213 0.744689941406 0.450347185135 0.789675951004 0.597633123398 1.93570590019 0.436677932739 0.874594926834 0.461687088013 0.380349874496 0.875931978226 1.01881194115 good
29 0.405898094177 0.423784971237 0.437409162521 0.49418091774 0.947483062744 0.812650918961 0.377109050751 0.379789113998 0.610972166061 0.657892942429 1.04938101768 0.486150979996 1.02194690704 0.465332984924 0.713871002197 good
30 0.708140850067 0.77960395813 0.636325120926 0.792670965195 0.836910009384 0.814144849777 0.654313087463 0.959306955338 0.796133041382 1.83097815514 0.961597919464 0.599337100983 0.804506063461 0.707004785538 0.668263912201 good
31 0.645396947861 0.936691045761 0.538650989532 1.64311313629 0.81168794632 0.390465974808 1.01328396797 0.586285114288 0.764447927475 1.23382115364 1.37428998947 0.609671831131 0.59693813324 1.08892703056 0.77912402153 good
32 0.465708971024 0.531387090683 0.512719154358 1.11565589905 0.51137304306 0.757185935974 0.965332984924 0.542550802231 0.514017105103 0.552727937698 1.52170610428 0.500287771225 0.635562896729 0.406999111176 0.490228176117 good
33 1.11184406281 0.990609169006 1.65914297104 1.57010984421 1.75233507156 1.10856699944 1.7312040329 1.34811401367 1.28133201599 1.48199105263 1.21219396591 1.07267999649 0.380435943604 1.45151901245 1.4718580246 good
34 1.84537100792 0.418920993805 0.743942022324 0.553490161896 1.26059794426 1.81094908714 0.746962070465 0.595076799393 1.07301616669 1.8368999958 1.8619158268 1.8609931469 1.69833111763 1.93155503273 0.597292900085 good
35 0.690185070038 0.861107826233 0.895374059677 0.895952939987 0.59192109108 0.930050849915 0.658179044724 1.07687997818 0.821277141571 0.60484290123 1.22074007988 0.648499011993 0.599506139755 0.5572681427 0.776577949524 good
36 1.5173099041 1.24271011353 1.33685898781 1.61907601357 1.45517611504 1.4994199276 1.34532809258 1.45403194427 1.40089988708 1.42168593407 1.35869193077 0.968513011932 1.20552682877 1.34580898285 1.27473187447 good
37 0.516516208649 0.632114887238 0.672468900681 0.616024017334 0.755660057068 0.641807794571 0.888710975647 0.473807811737 0.696805000305 1.22810220718 0.651606082916 0.654165029526 1.05435395241 0.453798055649 0.744625091553 good
