1  1 0.0879828929901 0.084804058075 0.0857679843903 0.0841810703278 0.0971350669861 good
1  2 0.145287036896 0.193482875824 0.235490083694 0.344878911972 0.14369893074 good
1  3 0.267429113388 0.298999071121 0.234375 0.300383090973 0.209065914154 good
1  4 0.40665602684 0.673925161362 0.490299940109 0.551165819168 0.421206951141 good
1  5 0.617810964584 0.310192108154 0.438596963882 0.245391130447 0.318083047867 good
1  6 0.346789836884 0.358886003494 0.341845989227 0.326322078705 0.332221984863 good
1  7 0.465872049332 0.32362985611 0.590898990631 0.624382972717 0.340453147888 good
1  8 0.435217142105 0.25279712677 0.373219966888 0.569839000702 0.563498020172 good
1  9 1.02676892281 0.918987035751 0.737316846848 0.461695194244 0.586796045303 good
1  10 0.938754796982 0.848973035812 1.23578810692 0.927410125732 0.483270168304 good
1  11 0.333386898041 0.322389125824 0.275520086288 0.544329881668 0.978404998779 good
1  12 1.12770390511 1.13878822327 1.33826303482 1.25667691231 1.77788901329 good
1  13 1.27737188339 1.491284132 1.78139209747 1.12635087967 1.58961606026 good
1  14 0.728145122528 1.35990095139 0.901170969009 1.30009412766 1.50231599808 good
1  15 1.63544201851 1.4832470417 1.74090504646 1.44144892693 1.11658287048 good
1  16 1.67160201073 1.39310002327 1.75387597084 1.53328704834 1.42762494087 good
1  17 1.89412999153 2.16877388954 2.58498907089 2.46197009087 2.40444493294 good
1  18 1.71834588051 2.06613707542 2.48694896698 2.60583901405 2.36141490936 good
1  19 1.29700493813 1.13034486771 1.01121902466 2.28277111053 1.52526807785 good
2  1 0.120788097382 0.420975923538 0.129075050354 0.314931869507 0.120563030243 good
2  2 0.264786958694 0.270586013794 0.381978034973 0.282064199448 0.297560214996 good
2  3 0.374112129211 0.316724061966 0.25575709343 0.587002038956 0.34542298317 good
2  4 0.909002065659 0.440849065781 0.688660144806 0.39843416214 0.467195034027 good
2  5 0.476108074188 0.934952974319 0.410653114319 0.408613204956 0.424899816513 good
2  6 1.53986001015 0.759412050247 1.29592204094 1.19087386131 0.636307954788 good
2  7 1.09112501144 1.67200994492 1.01335096359 0.66952419281 0.864333868027 good
2  8 1.76260995865 1.37388205528 1.56302595139 1.23340010643 1.3417699337 good
2  9 1.76212000847 2.21261119843 1.36219716072 1.15555000305 1.53696513176 good
2  10 1.66929006577 1.53175902367 1.07226204872 2.5109140873 2.43163299561 good
2  11 2.78063297272 1.51267004013 1.78798985481 2.0824868679 1.2453289032 good
2  12 69.7914860249 2.68576788902 4.36612200737 3.6838581562 8.47399115562 good
2  13 2.18095898628 2.05410885811 2.790102005 1.64624214172 1.90869879723 good
2  14 3.00011515617 2.13865113258 2.40870809555 3.02385807037 2.39214777946 good
2  15 3.23260188103 2.96805882454 1.75329995155 3.50778007507 3.22300601006 good
2  16 2.67585110664 1.88386392593 1.5219078064 1.59475398064 1.1233818531 good
2  17 3.66043996811 3.41010308266 2.99814295769 3.14000606537 1.92053198814 good
2  18 3.18533396721 4.70230102539 3.28340101242 3.5106959343 3.40305113792 good
2  19 2.67060995102 2.82978415489 2.11031103134 2.22301220894 3.98830699921 good
3  1 0.329104185104 0.243477106094 0.366333961487 0.181706905365 0.354329824448 good
3  2 0.37658405304 0.440197944641 0.609612941742 0.259490966797 0.661725997925 good
3  3 0.764089107513 0.833444833755 0.848099946976 0.973711013794 0.648963928223 good
3  4 0.614112138748 0.452183008194 0.405059099197 0.630222082138 0.460102081299 good
3  5 1.03111100197 1.71809482574 1.0637550354 1.36368703842 1.73672509193 good
3  6 1.02643704414 0.88574886322 1.05445504189 0.804818868637 1.01518702507 good
3  7 1.14933109283 1.80782079697 1.30247402191 1.26406788826 1.23641300201 good
3  8 1.10077810287 1.51759815216 1.64835214615 1.10222792625 1.93800902367 good
3  9 3.91820502281 2.63055992126 1.67465186119 2.19900798798 2.86792206764 good
3  10 2.25596499443 2.89993906021 2.3474149704 3.49823188782 2.77689599991 good
3  11 2.89394903183 1.58081078529 3.07065987587 2.30706691742 2.04832792282 good
3  12 2.63898205757 1.70587801933 2.82825493813 2.09571504593 2.0759780407 good
3  13 2.17104005814 2.02799391747 3.14810585976 3.34465289116 2.7031879425 good
3  14 2.53780388832 5.18891501427 5.81149482727 5.51758694649 4.10167789459 good
3  15 2.62673997879 5.43613696098 4.84280514717 2.39366197586 3.55107092857 good
3  16 3.46414494514 3.45314908028 3.66594386101 4.43146300316 2.94586801529 good
3  17 5.54193687439 5.55498194695 5.48993110657 2.13813495636 4.64503908157 good
3  18 3.05335712433 3.73370313644 4.68047404289 3.08343195915 3.46176600456 good
3  19 5.72729206085 5.54926514626 6.42359018326 5.116492033 3.98349285126 good
4  1 0.734674930573 0.65691614151 1.09970402718 1.07744884491 1.03568601608 good
4  2 2.03998708725 1.80510807037 1.53299498558 1.13459014893 0.961730957031 good
4  3 0.813922166824 0.853194952011 0.942420959473 1.13438105583 1.39796996117 good
4  4 0.819119930267 1.77986693382 1.04440307617 2.36177706718 1.58620405197 good
4  5 2.59087991714 0.715970039368 1.44197010994 0.659121990204 1.9572660923 good
4  6 2.24428391457 4.17190504074 1.91177201271 2.51418781281 2.08236002922 good
4  7 1.71674990654 2.74358201027 2.94846200943 2.21119403839 2.8542971611 good
4  8 3.33456110954 2.83247804642 2.31500792503 2.43407917023 3.39863204956 good
4  9 2.20530104637 2.00715017319 2.2799680233 2.21002578735 2.65142512321 good
4  10 2.36039495468 4.08528208733 2.70120501518 4.00897908211 3.1952958107 good
4  11 2.53564190865 2.76211309433 2.41982984543 2.79158306122 3.05456995964 good
4  12 3.38286685944 3.43481707573 3.78113293648 3.70262813568 3.48903608322 good
4  13 5.57574105263 3.89614510536 4.61604595184 5.6845510006 4.31526303291 good
4  14 4.76989889145 4.77337908745 5.74382996559 7.91032791138 4.94730591774 good
4  15 4.93183803558 6.45671010017 4.92594695091 6.95651292801 8.60720396042 good
4  16 6.39468312263 5.65795612335 5.20406985283 6.20812296867 7.00027012825 good
4  17 6.2299349308 5.24048399925 5.79678702354 6.44415998459 4.78617501259 good
4  18 6.97042417526 6.06542992592 6.94534707069 7.62409591675 6.26711893082 good
4  19 8.50243616104 9.02474093437 4.97433018684 6.41772389412 7.15983080864 good
5  1 0.498208045959 0.624553918839 0.758182048798 0.944644927979 0.73500084877 good
5  2 1.65929913521 1.0209569931 2.14699196815 2.25767397881 2.73670697212 good
5  3 1.40387511253 0.831531047821 0.921295166016 2.361743927 1.2300131321 good
5  4 1.00624299049 0.955305099487 1.64025902748 1.78018498421 1.84406495094 good
5  5 3.83912301064 3.62248802185 2.13293409348 3.27960395813 2.55419993401 good
5  6 3.01764011383 5.90137887001 3.34120607376 5.26347088814 3.42353892326 good
5  7 3.01751589775 3.92029881477 3.41948699951 4.31962704659 3.80695104599 good
5  8 5.62795591354 4.31342601776 5.56966614723 4.15916991234 4.39261507988 good
5  9 4.98960089684 4.49374818802 5.20674014091 5.09452390671 4.01921510696 good
5  10 4.46261310577 5.12080192566 5.72932600975 5.71607995033 4.37295103073 good
5  11 4.72074198723 5.1445350647 7.33813905716 6.34027791023 5.09309005737 good
5  12 4.65447807312 4.78516483307 3.42308998108 5.61165904999 7.00705814362 good
5  13 8.41340589523 8.4412560463 9.23643994331 10.0544378757 9.62709593773 good
5  14 8.42421293259 7.11113405228 7.63115811348 9.48818182945 8.82839298248 good
5  15 8.20069217682 7.76347613335 9.80626988411 6.61399793625 10.5608348846 good
5  16 6.93852496147 6.57726788521 6.0921049118 5.87989902496 4.9378528595 good
5  17 7.41991400719 4.56579399109 4.7648332119 10.1075861454 5.72437000275 good
5  18 10.8636908531 8.37369799614 7.5822660923 10.5804440975 8.12869906425 good
5  19 9.38523602486 6.87008404732 9.12643003464 11.5411801338 11.1140170097 good
6  1 0.356798171997 1.15885210037 0.545762062073 0.735033988953 1.0725607872 good
6  2 1.40917992592 2.47075605392 1.33959293365 1.41136193275 1.7656879425 good
6  3 1.47196316719 1.41598892212 2.52385115623 3.35446596146 1.88584303856 good
6  4 2.88739013672 3.2585310936 3.31779098511 3.32821106911 3.16821217537 good
6  5 2.31119990349 2.14498281479 1.61435699463 2.29457306862 1.29443001747 good
6  6 3.37401914597 4.93197393417 5.2954120636 4.89956212044 5.4615149498 good
6  7 3.97976207733 2.46058511734 4.59955906868 3.91001605988 5.30478596687 good
6  8 4.31952404976 4.74405384064 6.83955097198 5.37390089035 5.56250619888 good
6  9 7.1435918808 5.81907892227 6.34165501595 6.35395407677 6.9863140583 good
6  10 7.3417069912 9.18951916695 6.58069992065 6.3036429882 8.40505886078 good
6  11 8.68641376495 8.11621499062 8.50666213036 9.3889169693 10.0310428143 good
6  12 7.39792895317 4.62767314911 4.28701686859 4.75997591019 6.45605707169 good
6  13 7.45587897301 8.04700613022 8.60061693192 9.3235411644 10.0170230865 good
6  14 12.367511034 8.5971570015 10.8195841312 10.1353051662 11.2723329067 good
6  15 5.51792502403 5.86028289795 5.53428006172 5.14373493195 4.37565994263 good
6  16 12.0749080181 14.173032999 10.9008300304 14.1507427692 8.792345047 good
6  17 7.91658210754 15.9685530663 11.4054310322 12.5972139835 10.7058141232 good
6  18 13.8305280209 16.2869348526 13.5624949932 13.3750071526 14.9374871254 good
6  19 13.2081701756 13.7515330315 13.7460150719 16.0289721489 14.656922102 good
7  1 0.637161016464 1.13482999802 0.631080150604 1.42947101593 0.956665992737 good
7  2 1.10772895813 1.55121278763 1.44440698624 1.96945023537 1.7178850174 good
7  3 2.21618008614 3.54296803474 2.95012521744 4.79516196251 2.25467395782 good
7  4 8.28986096382 6.36424803734 5.08313202858 4.7115380764 5.0925860405 good
7  5 4.0698800087 4.78647994995 6.89051389694 5.33971691132 7.05332398415 good
7  6 4.95976901054 6.5245218277 4.70704007149 6.4139342308 5.32717585564 good
7  7 4.90390610695 4.13826084137 4.3004219532 4.68168210983 5.02355003357 good
7  8 9.27820396423 11.4216799736 10.9907090664 11.2546310425 8.12845396996 good
7  9 11.9115741253 8.9614109993 7.81274199486 12.2881848812 6.56923604012 good
7  10 3.59877204895 2.65923595428 3.07396483421 2.84321308136 2.73759579659 good
7  11 6.04260110855 5.98336911201 5.49122309685 5.76412510872 5.17380595207 good
7  12 3.25799393654 3.26024198532 3.30122208595 3.17530703545 3.47514104843 good
7  13 6.87790799141 6.75795197487 6.43960094452 7.0256459713 6.51586389542 good
7  14 4.85680603981 5.4243490696 4.73342013359 5.1797580719 4.5767660141 good
7  15 5.80611491203 6.10877394676 6.02017998695 6.67757582664 6.15521097183 good
7  16 8.52287507057 8.09437799454 7.63184309006 8.30119609833 7.54582095146 good
7  17 6.55746603012 6.56821203232 6.70225214958 6.78622484207 6.41531205177 good
7  18 5.2199048996 5.02890896797 6.70025706291 12.0664348602 11.6824669838 good
7  19 19.7945809364 19.7444109917 18.8201301098 19.4926068783 11.2204370499 good
8  1 0.464010000229 0.466318130493 0.66757106781 0.573143959045 0.726186990738 good
8  2 1.71890521049 1.2409029007 1.28942418098 1.61770105362 1.22220015526 good
8  3 1.73938798904 2.0772550106 1.49448108673 1.69256091118 1.56720113754 good
8  4 1.866065979 2.09694600105 1.8631670475 2.09542393684 2.19516801834 good
8  5 8.81055617332 9.52258181572 9.1483669281 9.47380590439 9.96560716629 good
8  6 4.88988304138 4.89821219444 4.46988010406 3.83715891838 4.04240202904 good
8  7 3.9849588871 4.25863814354 4.65501499176 5.23301410675 3.75746107101 good
8  8 10.2345879078 10.345457077 9.81404304504 8.75402402878 9.16120409966 good
8  9 5.7306368351 6.38821220398 6.62055110931 6.72691488266 5.92031812668 good
8  10 12.0077650547 10.2249188423 11.1059648991 10.2458848953 10.4080600739 good
8  11 5.39924407005 8.17530417442 5.09701395035 5.82209992409 10.1922180653 good
8  12 11.7109081745 12.446228981 9.18035984039 16.6137268543 13.5250508785 good
8  13 9.93867778778 10.7564029694 8.29194402695 7.92627000809 8.73331308365 good
8  14 16.2183790207 15.1729838848 14.561882019 15.9531898499 19.0222849846 good
8  15 14.965749979 13.7590658665 11.7057960033 10.5505859852 18.8491361141 good
8  16 17.2580420971 16.5815889835 15.5997128487 23.4226400852 19.722561121 good
8  17 25.793143034 22.336368084 20.9912409782 21.5749630928 17.9468851089 good
8  18 14.6497290134 9.66290283203 12.746295929 15.8265769482 11.1382710934 good
8  19 9.00470089912 29.4263081551 11.0325129032 25.1240069866 21.814729929 good
9  1 1.7392680645 0.833696126938 1.71841096878 1.3527507782 1.0958199501 good
9  2 1.63242602348 2.83615994453 2.74173212051 2.09831690788 1.48494100571 good
9  3 5.65425801277 4.82995319366 4.09338092804 6.67087388039 6.27024912834 good
9  4 9.10303401947 8.59185314178 10.2952330112 6.94001197815 7.23458313942 good
9  5 9.53649687767 12.5227320194 10.2722008228 12.7022328377 8.03046703339 good
9  6 10.1157660484 9.42711806297 11.0877430439 10.0440728664 9.18781590462 good
9  7 7.54794883728 10.4353070259 8.03315806389 8.39195799828 6.43126916885 good
9  8 5.68042087555 6.63814687729 7.22876501083 3.92515993118 9.2016890049 good
9  9 13.2346880436 16.236593008 15.4728918076 13.0537831783 14.0797400475 good
9  10 14.9040830135 15.3938918114 16.849034071 13.5065290928 15.8764781952 good
9  11 14.3930008411 16.5702500343 13.3602919579 15.6684448719 16.3031599522 good
9  12 11.7608809471 9.60489010811 10.7018871307 13.8894519806 13.0188429356 good
9  13 18.0998330116 20.0035347939 21.1966087818 20.7508070469 20.0664098263 good
9  14 11.4460799694 9.11772298813 7.92129206657 7.90568184853 9.84915804863 good
9  15 15.42238307 15.2402729988 10.2314298153 11.1061861515 12.8896961212 good
9  16 14.8033099174 12.7920567989 11.1458749771 14.9624788761 16.3672459126 good
9  17 26.3224890232 28.2596709728 22.3315680027 21.7577581406 22.7848660946 good
9  18 26.8286569118 24.1947069168 25.8074910641 23.6169838905 22.520152092 good
9  19 17.4062459469 20.4493629932 23.2432820797 16.8314130306 18.0137550831 good
10  1 0.980939149857 1.21075701714 1.47903299332 1.3038380146 1.5081140995 good
10  2 2.61818003654 2.69694304466 2.9716501236 2.55450081825 3.21830010414 good
10  3 2.52336597443 3.29370307922 2.09571695328 3.9002559185 1.99616789818 good
10  4 5.04810810089 6.0647778511 5.87529492378 2.02894091606 2.67071914673 good
10  5 7.16568994522 11.0378417969 9.42896485329 8.97365307808 10.3819799423 good
10  6 14.6460449696 18.9671349525 12.47103405 17.6245069504 14.5560238361 good
10  7 8.94761109352 7.82666707039 6.48601007462 6.42360806465 6.89625191689 good
10  8 15.1345059872 12.8179891109 13.3042221069 16.9401841164 16.2293441296 good
10  9 8.79366993904 10.0797441006 9.76545405388 13.279143095 9.34297204018 good
10  10 10.0098750591 8.89822411537 6.56484103203 8.02956700325 7.08514904976 good
10  11 11.4273791313 8.71659708023 10.4746148586 7.58579897881 9.17512607574 good
10  12 12.9559030533 8.7732360363 11.2909669876 11.6834228039 10.83842206 good
10  13 23.5833499432 15.3127219677 22.6272509098 20.2912502289 16.5709748268 good
10  14 17.7328801155 16.8876740932 9.00521707535 17.0456418991 14.0410220623 good
10  15 13.8803389072 15.679516077 11.3185789585 14.8016490936 15.5254929066 good
10  16 27.567522049 21.8388500214 35.8184640408 33.6130208969 31.4948549271 good
10  17 11.5933909416 30.4925911427 35.6056339741 18.3155050278 26.3198850155 good
10  18 22.3570010662 10.3180510998 10.1748521328 16.5771930218 18.6344239712 good
10  19 22.8369078636 26.0574469566 13.6334619522 18.4094791412 12.9927389622 good
11  1 1.53141379356 1.31444406509 1.90908098221 1.29513287544 1.51790714264 good
11  2 1.31540298462 1.38572001457 1.25717401505 2.29338407516 2.23122286797 good
11  3 4.16560792923 4.4269630909 3.93414211273 3.9960770607 5.50254106522 good
11  4 9.9701769352 15.2587618828 15.4114689827 7.61483502388 3.88696813583 good
11  5 3.09236502647 3.17467093468 3.10098004341 3.30644512177 3.11630296707 good
11  6 10.6128480434 18.7463741302 19.7535660267 18.1270987988 11.229061842 good
11  7 28.2312068939 16.3450570107 16.051609993 30.762804985 17.1252410412 good
11  8 14.8393070698 9.18374300003 9.98492002487 16.229254961 15.3854179382 good
11  9 23.8569979668 23.3485279083 22.9395329952 24.1949858665 12.3642480373 good
11  10 12.688893795 11.9055171013 12.0736250877 23.2580618858 40.4448099136 good
11  11 27.3162751198 16.1171300411 8.27732396126 7.68234300613 8.04153513908 good
11  12 6.45069694519 6.98176193237 6.5510828495 7.40911197662 6.49704003334 good
11  13 7.66445279121 8.29778814316 8.07949900627 7.20912790298 16.9690749645 good
11  14 16.6155929565 16.1918640137 16.5624399185 16.4904918671 16.4229280949 good
11  15 27.4938261509 29.1310269833 26.7633318901 36.8669791222 47.016700983 good
11  16 37.9750289917 14.4378650188 9.3776140213 9.50485992432 16.3769860268 good
11  17 17.7570340633 25.7143139839 43.2848069668 37.2661790848 30.8738181591 good
11  18 29.8723020554 33.7986500263 13.6487591267 14.2434799671 14.2504320145 good
11  19 25.0537099838 13.2706050873 16.2847180367 12.9372589588 21.7753241062 good
12  1 3.31243801117 3.24695801735 2.72585105896 3.16863512993 3.30016493797 good
12  2 5.40286707878 5.54631400108 5.52704906464 1.80414605141 1.56008410454 good
12  3 2.60312390327 2.75352811813 2.53148198128 2.50556302071 4.27316212654 good
12  4 4.78218102455 4.82043790817 8.31522893906 8.70043683052 4.76147794724 good
12  5 3.67701387405 3.89379501343 3.78669691086 3.54644489288 6.18207788467 good
12  6 10.4857599735 15.8479242325 8.91156101227 12.2726960182 15.7742311954 good
12  7 9.16767501831 9.09039902687 11.4862370491 13.1448721886 7.93350815773 good
12  8 12.2364230156 14.5686810017 19.26095891 12.9665520191 11.8676030636 good
12  9 15.1185979843 29.0956110954 16.2450120449 16.4545459747 14.7255151272 good
12  10 8.56953811646 8.98501205444 9.1852748394 14.7773709297 8.81559514999 good
12  11 7.81339097023 7.46856307983 7.34386396408 6.80169391632 13.6620709896 good
12  12 21.7238178253 24.7078490257 24.781430006 24.2299990654 40.6643049717 good
12  13 29.5945940018 26.5105850697 9.1575729847 16.2503941059 8.90447711945 good
12  14 20.2389440536 19.2954950333 20.1939380169 19.760158062 19.970911026 good
12  15 10.514580965 15.9244339466 38.2353348732 42.1065130234 35.6146030426 good
12  16 38.4903848171 23.9061448574 34.1024270058 14.7600779533 37.203109026 good
12  17 20.3240411282 27.4593420029 36.906673193 25.4074811935 24.9162628651 good
12  18 29.6900670528 29.4848060608 30.4550960064 30.513354063 27.9125890732 good
12  19 55.1837720871 104.391878128 66.8434779644 29.583370924 62.7885811329 good
13  1 10.0491530895 12.4191930294 12.7176280022 13.3446419239 12.7831549644 good
13  2 7.33183598518 6.86637306213 7.79935789108 8.618445158 7.09541392326 good
13  3 9.8957221508 4.99342894554 5.07415318489 5.43008613586 2.85021400452 good
13  4 5.82142519951 9.02161407471 6.8115530014 9.25024485588 4.88053488731 good
13  5 8.89195394516 12.1935420036 6.73797106743 8.55511403084 8.67275905609 good
13  6 12.8335750103 12.8691601753 14.2722868919 5.9208650589 5.88966798782 good
13  7 6.19379210472 19.8088510036 21.5736999512 21.1053268909 20.8364729881 good
13  8 16.7069759369 16.9028191566 17.2000198364 16.347342968 15.991204977 good
13  9 25.063352108 24.1579070091 24.6267619133 23.4614050388 26.4504239559 good
13  10 17.5902221203 18.4750881195 17.4966108799 19.431139946 18.2596030235 good
13  11 30.4456958771 30.537610054 36.2454409599 21.0515460968 20.2315790653 good
13  12 13.8603391647 14.5013661385 13.9355978966 13.3479511738 17.5446960926 good
13  13 10.2777349949 16.0880508423 19.4785068035 15.7166619301 14.3643219471 good
13  14 43.069945097 26.0914537907 23.6805150509 25.6935520172 22.6713721752 good
13  15 12.6325480938 20.7253069878 22.502959013 29.7174940109 31.7163200378 good
13  16 22.3808610439 34.5271639824 28.8547439575 25.4284210205 37.8160960674 good
13  17 108.949002028 102.75672102 93.0095658302 108.387760878 104.482959986 good
13  18 57.2151458263 58.4941530228 62.7375571728 67.5756418705 64.3310329914 good
13  19 38.724750042 25.4355778694 26.9534349442 26.1920120716 46.3601050377 good
14  1 15.0700387955 10.3295102119 7.82463288307 7.99686002731 8.47186517715 good
14  2 3.8986890316 2.46032595634 4.57171201706 2.14116287231 1.96037387848 good
14  3 3.46784996986 3.41940879822 3.4511680603 3.67590618134 3.45454502106 good
14  4 3.74239015579 7.43683695793 11.3168110847 3.90870213509 4.05426502228 good
14  5 6.22627687454 6.34467601776 6.27310299873 13.0869579315 24.1111869812 good
14  6 16.2176270485 16.4426569939 10.0263631344 17.4167530537 27.3487699032 good
14  7 25.9434690475 22.5018680096 15.7440910339 15.0032300949 10.0256528854 good
14  8 7.03101396561 7.00684809685 6.9755051136 7.24299407005 7.2514321804 good
14  9 34.3311190605 38.4181230068 28.5210380554 24.5012869835 14.1218750477 good
14  10 23.5142550468 28.2990870476 73.8042030334 48.3178648949 42.9827589989 good
14  11 10.7941708565 27.1074950695 17.3008100986 11.0412640572 11.6848630905 good
14  12 14.3979418278 10.9164319038 9.77745604515 20.641824007 38.8458909988 good
14  13 61.3878421783 47.5514609814 25.3904969692 17.4383380413 25.8644881248 good
14  14 32.0291969776 61.4328541756 46.881280899 52.8065869808 55.0115139484 good
14  15 11.7609350681 21.4283919334 14.485599041 12.1983950138 25.5976932049 good
14  16 11.6368949413 12.676733017 13.0167839527 27.110419035 17.1874969006 good
14  17 41.1198408604 57.0972278118 40.104847908 42.7983009815 42.4665288925 good
14  18 47.9612309933 18.6360991001 28.8601281643 32.2635719776 46.8626670837 good
14  19 91.9442009926 74.2686240673 62.2048330307 55.3500130177 64.4356899261 good
15  1 2.492166996 6.03843903542 3.04372096062 2.6057100296 2.70438599586 good
15  2 5.326390028 4.83741617203 4.2470510006 5.73700904846 5.32104516029 good
15  3 4.64983105659 9.92883205414 8.99605298042 7.68242692947 9.40668296814 good
15  4 8.44340610504 5.1417529583 11.1460270882 6.47765994072 5.21768784523 good
15  5 7.42560100555 7.25660705566 7.66696095467 9.81839704514 13.2541549206 good
15  6 14.5693759918 16.4407961369 16.2202019691 16.4750039577 17.6350347996 good
15  7 17.8796710968 18.6646249294 17.5133559704 17.4323899746 17.9724440575 good
15  8 31.2107489109 30.5519189835 49.1292321682 31.5951929092 23.7815279961 good
15  9 45.1729598045 44.8157758713 40.6845879555 21.181027174 21.5868339539 good
15  10 27.6082489491 54.5478229523 101.613085032 76.1376929283 48.4271419048 good
15  11 25.0800149441 13.3279399872 13.4796850681 19.2401630878 12.3448209763 good
15  12 17.6493690014 19.0964751244 18.7441301346 27.10572505 34.5067389011 good
15  13 37.108702898 18.2902948856 27.2833118439 25.3170800209 26.015253067 good
15  14 26.1819851398 20.9663980007 13.3761560917 14.2782249451 13.1457781792 good
15  15 24.8000600338 20.8054671288 17.5473890305 33.5352950096 19.0438501835 good
15  16 36.4443459511 37.2092990875 36.84395504 36.5234370232 36.6344771385 good
15  17 19.7501020432 18.3534450531 18.731814146 50.7990920544 18.0082387924 good
15  18 41.4561750889 39.881937027 95.727214098 79.1580898762 89.8813838959 good
15  19 55.757062912 24.4099099636 48.107074976 42.6501069069 58.3959960938 good
16  1 4.66421604156 2.98521709442 2.97484207153 2.97506213188 3.01031112671 good
16  2 11.7817730904 10.7866611481 9.10684204102 8.9607861042 9.20048093796 good
16  3 10.5777108669 10.4269018173 10.5888078213 10.7024948597 10.6541590691 good
16  4 10.2965061665 9.11741900444 10.1270899773 10.7632069588 9.23277616501 good
16  5 13.1499159336 12.9237589836 12.6000699997 12.9513978958 13.3014140129 good
16  6 17.0688650608 17.1397900581 17.2860891819 17.4008638859 18.2739551067 good
16  7 19.7405641079 20.9185090065 21.6132528782 20.5383250713 21.992112875 good
16  8 33.271281004 35.6582369804 32.52293396 47.336534977 35.7389900684 good
16  9 29.1759359837 29.3638961315 28.7430958748 21.9645569324 29.148088932 good
16  10 50.3024098873 51.3669950962 50.6206898689 49.383079052 52.4531311989 good
16  11 28.5364308357 29.3977479935 29.0628077984 29.4595880508 20.9039568901 good
16  12 19.7214300632 20.2108340263 18.799626112 18.3951869011 18.796077013 good
16  13 14.4177360535 13.8832771778 13.2997970581 13.8803219795 14.3691289425 good
16  14 34.73706007 34.7766530514 42.0397248268 71.520761013 69.64939785 good
16  15 40.9438378811 40.6498231888 41.6167340279 41.5899159908 40.6570241451 good
16  16 40.3555040359 17.4712979794 81.5937950611 20.6458330154 41.2243130207 good
16  17 32.5915441513 44.9373672009 78.1848320961 49.5053520203 32.1932549477 good
16  18 24.8065340519 46.2266349792 32.6431639194 26.8684391975 24.5694329739 good
16  19 32.9959380627 31.2467689514 20.6580290794 19.964910984 30.9994440079 good
17  1 3.60011410713 3.52232384682 3.43199491501 3.52230596542 3.53514289856 good
17  2 5.73774886131 6.85885596275 6.48659706116 5.40186500549 6.07781386375 good
17  3 9.68585705757 10.1553421021 9.97175097466 9.70655989647 10.6710040569 good
17  4 42.0403330326 41.9700682163 41.6240561008 42.2462251186 40.7523500919 good
17  5 11.4184229374 6.93039321899 7.30132007599 6.88283205032 7.21359992027 good
17  6 9.9592590332 10.261713028 18.5456039906 20.7029719353 20.9165410995 good
17  7 17.9413950443 18.6986451149 18.7965209484 16.9952409267 17.9225170612 good
17  8 26.4822020531 27.395938158 25.9314470291 26.6820971966 26.9413850307 good
17  9 21.5902709961 24.8505299091 23.102463007 16.0130269527 10.4973528385 good
17  10 15.1746759415 14.7138969898 14.1057429314 15.2437939644 17.3111829758 good
17  11 28.8855237961 27.9623830318 26.5090978146 22.2096309662 12.8224351406 good
17  12 39.9504740238 90.0676670074 83.2945008278 79.1130640507 90.378483057 good
17  13 46.0884668827 44.8599619865 44.9216680527 45.6166620255 47.2949950695 good
17  14 33.5783350468 81.9465219975 36.8058550358 36.6618089676 32.0383520126 good
17  15 42.0858390331 48.4246180058 33.3340280056 19.7321999073 34.2526888847 good
17  16 69.4926540852 39.1120550632 25.1835260391 26.647977829 50.4382791519 good
17  17 73.2273209095 79.628166914 115.84782815 148.295485973 68.5066947937 good
17  18 100.909607172 67.7364389896 95.3106460571 85.641354084 168.860478878 good
17  19 203.699339867 131.273382902 165.365185976 111.42057991 65.4031629562 good
18  1 1.82644605637 1.7790927887 1.79224300385 1.78142499924 1.80618810654 good
18  2 2.83791708946 3.27926206589 2.92153215408 2.90021204948 10.0064599514 good
18  3 18.1785619259 31.148485899 19.3705301285 16.8984639645 15.7511210442 good
18  4 21.4477880001 50.8550379276 22.1737380028 23.4994330406 22.7618670464 good
18  5 62.7848470211 50.1948478222 49.3606438637 41.4904139042 59.1596448421 good
18  6 9.06362009048 8.01896381378 17.3424692154 17.1343431473 30.500316143 good
18  7 3124.75724602 39.9644610882 335.779751778 2179.83870411 2351.90209699 good
18  8 19.9489200115 21.6720640659 20.8812880516 21.0837929249 19.4058899879 good
18  9 34.1982331276 57.2122769356 92.6672070026 91.5027291775 68.2940571308 good
18  10 15.1498539448 13.1357941628 23.6051170826 22.385299921 31.8982551098 good
18  11 37.12611413 45.3972909451 45.8865520954 38.3035771847 42.1879658699 good
18  12 42.5293610096 39.8190119267 36.2057259083 31.1703059673 17.5280101299 good
18  13 75.1370010376 57.4946289062 42.6468400955 102.731134892 116.465758085 good
18  14 87.3678870201 41.3863418102 37.3788859844 35.6334140301 30.5011389256 good
18  15 23.1548769474 22.9939670563 22.0265097618 28.0490338802 36.264231205 good
18  16 21.5412199497 21.1940829754 20.7711720467 20.6013441086 21.6144089699 good
18  17 32.6296930313 42.9644129276 54.2422919273 33.9046669006 32.9142057896 good
18  18 95.2100560665 64.4021449089 58.0776860714 68.604902029 60.5100328922 good
18  19 33.001789093 32.3869168758 33.7864589691 24.8508799076 34.6821939945 good
19  1 5.2928109169 3.47286391258 5.5440030098 3.68734312057 3.40745210648 good
19  2 4.93736100197 4.87004613876 6.07631897926 11.8713309765 11.8843929768 good
19  3 25.9399831295 8.24261498451 13.4385230541 13.3513891697 8.40641093254 good
19  4 10.6789309978 28.4749441147 30.3436899185 11.194206953 11.4845750332 good
19  5 7.85402798653 14.8813450336 9.24656105042 8.33034014702 7.67206406593 good
19  6 58.4920430183 31.1604118347 40.539910078 46.5494902134 61.0713870525 good
19  7 13.8952970505 16.6222250462 30.2290158272 16.6536130905 14.7861828804 good
19  8 14.645637989 24.0447790623 19.5457079411 14.9141390324 15.4218049049 good
19  9 71.1254320145 74.2318730354 56.2727489471 55.8824951649 35.1130290031 good
19  10 27.7366011143 25.9699389935 30.6390731335 42.4123909473 30.9410278797 good
19  11 25.2513618469 66.3790779114 58.5071070194 45.4600179195 45.5850110054 good
19  12 45.7391560078 45.1323769093 44.5964231491 47.4552819729 64.0900638103 good
19  13 28.8669238091 28.6755049229 28.2588160038 28.5641801357 27.529488802 good
19  14 24.1979539394 24.0073409081 22.5555610657 24.6225590706 22.5926120281 good
19  15 22.0328018665 23.6180388927 22.9883019924 22.2059280872 22.2083468437 good
19  16 33.8540968895 32.8278331757 33.7666189671 33.0734558105 33.1920268536 good
19  17 63.2317271233 97.7818470001 67.651335001 63.0296449661 73.9298160076 good
19  18 56.7913730145 60.0465919971 56.3886101246 60.5443501472 76.3601570129 good
19  19 54.1136798859 55.9350478649 46.140859127 63.8288738728 35.4496660233 good
20  1 3.66921496391 3.63950204849 3.72941398621 4.37180995941 8.91187906265 good
20  2 9.4459130764 10.2975018024 4.82928919792 3.78089308739 3.65291190147 good
20  3 7.46541810036 9.39651918411 7.98779320717 13.1648960114 6.1357588768 good
20  4 7.04031395912 7.44596910477 14.450535059 7.89258718491 7.36260509491 good
20  5 28.8849649429 30.9679870605 30.0452778339 35.7323210239 35.5519418716 good
20  6 32.2009980679 31.765805006 38.6580741405 45.8255870342 44.2007992268 good
20  7 27.8177499771 22.3619699478 11.8196790218 12.4738981724 26.0983850956 good
20  8 13.2957780361 13.3479709625 23.2031559944 14.0215070248 12.6486420631 good
20  9 14.3946831226 27.5877959728 23.8108358383 35.9445359707 37.5475242138 good
20  10 36.0316758156 36.0067548752 32.5611438751 28.5142748356 29.1294519901 good
20  11 101.791596889 76.0106859207 68.229763031 60.5979249477 72.5123050213 good
20  12 79.3796849251 85.1616530418 121.099027157 104.342755079 101.405067205 good
20  13 21.4896380901 21.6550369263 21.1118180752 21.8294451237 20.4437611103 good
20  14 87.6099698544 111.839860916 78.7744300365 56.9879479408 62.1921439171 good
20  15 44.4925129414 25.3961420059 25.2269718647 37.2028560638 30.5598750114 good
20  16 90.1579408646 66.6222610474 68.088932991 67.2037668228 66.1310911179 good
20  17 72.866574049 72.6736588478 71.4206819534 71.522908926 70.9582438469 good
20  18 73.5568358898 85.4786550999 138.386051178 92.358394146 71.388158083 good
20  19 83.4007570744 102.331053972 91.324203968 67.8823168278 66.1719520092 good
21  1 2.39912700653 2.42817306519 2.52959799767 2.41242194176 2.42300200462 good
21  2 6.31613588333 7.19446611404 6.28063201904 6.76831102371 7.16500401497 good
21  3 30.1811189651 31.9034879208 37.764729023 80.3830199242 63.3015580177 good
21  4 19.8413059711 19.1764171124 19.1389300823 20.3060040474 19.4536480904 good
21  5 10.4783799648 17.9971959591 19.2132968903 19.5539190769 12.3043169975 good
21  6 18.5947189331 16.4437510967 26.0909490585 29.5686979294 47.727850914 good
21  7 96.685642004 43.1275360584 45.7332110405 44.9960870743 50.2876679897 good
21  8 19.2832520008 14.878139019 24.7436759472 13.9793419838 13.9644401073 good
21  9 17.9497108459 16.6897628307 18.2592990398 22.0384428501 36.180672884 good
21  10 102.077666044 75.1636400223 64.8650598526 72.1468760967 92.1045629978 good
21  11 40.5608170033 42.9830498695 27.826474905 54.5616998672 33.7114670277 good
21  12 34.2437500954 34.7077188492 33.2941000462 31.6440610886 31.3963110447 good
21  13 32.9319109917 31.2037029266 30.81722188 38.0735628605 32.8488759995 good
21  14 37.1457700729 35.4949629307 38.0002841949 39.3622028828 89.708769083 good
21  15 82.1922049522 41.2443909645 35.8041582108 33.1213371754 34.8166060448 good
21  16 55.4113299847 54.2817029953 55.2088840008 59.1606209278 57.7454428673 good
21  17 30.3973548412 30.3242928982 29.6250839233 31.4459578991 30.5161280632 good
21  18 38.6632378101 36.4976220131 35.384871006 35.3043329716 33.6969268322 good
21  19 82.8542768955 84.631717205 86.3473110199 87.3946540356 87.1505599022 good
22  1 2.75533509254 2.77449584007 2.69743895531 2.67611813545 2.88862299919 good
22  2 14.7623651028 14.7209517956 13.9528300762 14.5772211552 14.3642628193 good
22  3 12.3765881062 12.5189180374 12.5853261948 12.6309251785 12.5476489067 good
22  4 13.0026731491 12.768018961 13.3549499512 12.6484560966 12.713351965 good
22  5 30.4500730038 32.9084911346 32.4160139561 31.8517589569 32.1141109467 good
22  6 12.7855260372 11.7560920715 12.4517939091 15.2549791336 12.9808411598 good
22  7 17.695734024 18.8804399967 18.2142641544 17.1510100365 19.082212925 good
22  8 29.4693951607 27.9554860592 30.1068179607 29.3032431602 28.4710590839 good
22  9 29.8306889534 28.8568048477 30.3734161854 30.0380778313 30.629627943 good
22  10 26.4255340099 23.8531219959 22.0253009796 23.0918049812 22.3349540234 good
22  11 23.0866210461 22.0409250259 22.0828089714 20.5592498779 22.0919728279 good
22  12 24.1058778763 24.5198869705 25.2589859962 23.4505670071 23.4370589256 good
22  13 69.895211935 70.0567009449 68.7717409134 67.0675601959 67.2052919865 good
22  14 26.0616419315 26.1331310272 25.5899040699 26.1266319752 26.6747000217 good
22  15 29.3924269676 31.7219138145 30.9651989937 30.8403849602 29.9535648823 good
22  16 79.8393659592 69.6295740604 72.1003789902 67.3065581322 67.4728250504 good
22  17 90.5003271103 101.959899187 84.9314110279 94.3690540791 88.4968590736 good
22  18 62.5798649788 64.0129468441 73.0045611858 62.2933888435 62.6737208366 good
22  19 40.6025328636 43.3642990589 41.2640199661 44.8957810402 38.9861719608 good
23  1 5.17087602615 5.72764396667 5.14532518387 5.55430793762 5.10993003845 good
23  2 6.08519816399 4.9173848629 4.61364603043 4.93321800232 4.8837621212 good
23  3 8.6267850399 8.88521289825 8.6904258728 8.80825185776 8.71944403648 good
23  4 13.2400200367 13.5574400425 13.2176408768 13.6439869404 13.4335980415 good
23  5 14.7912089825 14.8732941151 15.1632738113 15.1743161678 15.5672090054 good
23  6 158.712975025 170.076092005 161.259191036 168.071767092 188.793082952 good
23  7 13.5440700054 14.4227490425 15.3682889938 13.988022089 15.0172100067 good
23  8 60.1621861458 56.7675111294 56.0927340984 59.5752258301 58.2312700748 good
23  9 58.6689500809 57.6018030643 60.8372428417 60.2498459816 65.6075642109 good
23  10 21.3214600086 23.0182509422 21.9864270687 20.9215269089 21.9063608646 good
23  11 35.9688839912 34.9203231335 36.4206750393 35.8907091618 82.9499189854 good
23  12 72.8021991253 46.2661941051 28.6903400421 27.2166888714 27.8370201588 good
23  13 27.9274420738 27.3643400669 29.2276201248 28.5834569931 27.2193341255 good
23  14 58.5886580944 58.947633028 89.175483942 149.59580493 63.9868040085 good
23  15 35.0201330185 35.1759951115 35.6214599609 36.0510759354 34.7613050938 good
23  16 46.5974829197 46.9487299919 46.1820149422 46.5826570988 45.886231184 good
23  17 39.6750268936 39.3902800083 39.681399107 38.8639421463 39.222176075 good
23  18 51.0572419167 47.4874200821 48.8489499092 49.6291298866 50.9043331146 good
23  19 118.263907909 117.009933949 142.771860123 169.639071941 118.672585964 good
24  1 3.18035292625 3.15847992897 3.22614407539 3.22202301025 3.08910393715 good
24  2 6.58718490601 14.5118908882 13.2194600105 10.6852231026 5.56355595589 good
24  3 8.23652791977 8.6652610302 7.92239189148 8.69118094444 8.29302000999 good
24  4 16.9057738781 15.4111359119 15.5725841522 15.1938521862 15.2613220215 good
24  5 12.201900959 12.0715470314 12.041023016 12.1056029797 12.1284680367 good
24  6 54.881016016 54.3872311115 57.7734749317 54.1190948486 62.3817839622 good
24  7 35.0738279819 36.1066479683 34.8671240807 41.3206970692 40.00187397 good
24  8 18.2035698891 18.9072809219 19.5933611393 18.9940299988 19.5343439579 good
24  9 34.4821431637 35.4131889343 35.1557869911 34.2849860191 34.3853859901 good
24  10 32.9596319199 34.6885509491 34.9328508377 33.0156829357 34.064218998 good
24  11 77.2572648525 78.4704010487 79.8339438438 76.2584161758 76.2118728161 good
24  12 27.975153923 25.1611690521 27.1147708893 26.035312891 27.0759408474 good
24  13 44.7114751339 43.1970348358 44.2170040607 42.6742460728 44.1189041138 good
24  14 59.2264311314 32.4498500824 59.7165379524 61.6517679691 29.1939818859 good
24  15 104.613388062 100.836308002 99.1075079441 138.486652136 105.48011899 good
24  16 167.220366955 107.292347908 88.2230451107 81.4290449619 125.807376146 good
