1  1 0.18554186821 0.0852701663971 0.193002939224 0.223811149597 0.106407165527 good
1  2 0.140105962753 0.242469072342 0.170938014984 0.211888074875 0.31315112114 good
1  3 0.160965919495 0.193454027176 0.160981893539 0.268905878067 0.266406059265 good
1  4 0.424168109894 0.494920015335 0.365878820419 0.356177806854 0.489566087723 good
1  5 0.580561161041 0.567163944244 0.346165895462 0.402107000351 0.419427156448 good
1  6 0.733394861221 0.703712940216 0.666819095612 0.324117183685 0.263579845428 good
1  7 0.773745059967 0.383002996445 0.406448841095 0.581866979599 0.45904302597 good
1  8 0.452850103378 0.424156904221 0.688127040863 0.755331993103 0.638383150101 good
1  9 0.871404886246 0.833495855331 0.748259067535 0.56668806076 0.694967031479 good
1  10 1.00900101662 0.660346984863 0.682736158371 0.728532075882 1.10967302322 good
1  11 0.645441055298 1.18385910988 0.907516002655 0.746906995773 0.908286094666 good
1  12 1.41071295738 1.66459417343 1.87219381332 1.70223402977 1.84997487068 good
1  13 1.32252883911 1.50056099892 0.958784103394 0.966322183609 0.742053985596 good
1  14 1.64396190643 1.58762192726 0.980044841766 1.44595193863 2.11333107948 good
1  15 1.22143101692 1.62939405441 0.995236158371 1.0915389061 2.03553199768 good
1  16 1.21630811691 2.35800600052 2.01810717583 1.61071109772 2.17764616013 good
1  17 2.19882488251 2.41911005974 1.56356501579 1.52881288528 2.46008777618 good
1  18 2.3692510128 2.66151976585 2.22109913826 1.55975914001 2.70396494865 good
1  19 2.46855688095 1.74953699112 1.78358316422 1.53867602348 1.37929201126 good
2  1 0.254240036011 0.11963891983 0.121603012085 0.252969026566 0.468737840652 good
2  2 0.659065008163 0.699505805969 0.590980052948 0.267467021942 0.297194004059 good
2  3 0.664440155029 0.242258071899 1.02785205841 0.552803039551 0.586220979691 good
2  4 0.923321962357 1.16354894638 0.650040149689 0.686940908432 1.13531708717 good
2  5 0.605122804642 0.820538043976 0.434620141983 0.469867944717 0.985348939896 good
2  6 0.655185937881 1.0899720192 1.70314717293 0.898056983948 1.62805509567 good
2  7 1.45643496513 0.759162902832 1.46664500237 1.67044401169 1.40638589859 good
2  8 0.991217136383 1.52118182182 1.34232187271 0.895412921906 1.72648096085 good
2  9 1.27718806267 1.7260890007 0.904829025269 1.33818602562 1.40419602394 good
2  10 1.56487488747 2.1044459343 0.955024003983 0.982349872589 1.05443882942 good
2  11 1.4307949543 1.69597506523 0.82660984993 2.44537901878 2.38928699493 good
2  12 2.91938686371 4.36821818352 3.71817398071 3.81733107567 2.78449702263 good
2  13 1.83847117424 3.27997803688 2.16433691978 2.32646107674 2.42093110085 good
2  14 1.81161999702 2.70808506012 1.5945661068 2.60779809952 1.43180298805 good
2  15 1.71158194542 3.07302594185 2.19980192184 3.56489920616 2.6325469017 good
2  16 2.16619801521 2.25382804871 2.81205391884 2.30765295029 2.25737810135 good
2  17 1.84581184387 3.06965708733 3.52359700203 3.73624801636 2.21174097061 good
2  18 4.78381109238 4.31027507782 4.166203022 3.71468997002 3.93351507187 good
2  19 2.10049700737 2.55598783493 2.83095288277 3.09657287598 3.15963101387 good
3  1 0.419037103653 0.261147022247 0.16010594368 0.16380906105 0.163226127625 good
3  2 0.583488941193 0.419630050659 0.798350811005 0.6309030056 0.285408973694 good
3  3 0.777405977249 1.20411705971 0.862594127655 0.694234132767 0.749359130859 good
3  4 0.400335073471 0.846148967743 0.869749069214 1.1281709671 0.95724606514 good
3  5 1.54626703262 1.2813179493 0.77187204361 1.12492418289 1.07845592499 good
3  6 1.08682990074 0.827407121658 0.877497196198 1.25138306618 1.56400990486 good
3  7 2.5163629055 1.26741194725 2.03616499901 1.72669696808 1.86109399796 good
3  8 2.34332609177 1.79947900772 2.22985601425 1.6399948597 2.01358580589 good
3  9 2.00459909439 3.018638134 3.01136112213 2.01172494888 2.31595683098 good
3  10 3.01591801643 2.71186494827 2.29241991043 2.36122703552 3.16297602654 good
3  11 2.57954716682 2.87947010994 2.21796798706 2.63249397278 2.65963292122 good
3  12 2.79494190216 2.50590896606 2.88141798973 2.12830090523 2.8148047924 good
3  13 2.80398607254 3.49417901039 2.70290708542 1.42725396156 1.44279909134 good
3  14 3.7846429348 4.4499540329 3.04767012596 3.58985805511 3.15520596504 good
3  15 3.93572402 3.61482787132 3.55462288857 4.08026194572 4.09998393059 good
3  16 3.09996700287 4.32366514206 5.52739095688 6.00575900078 4.11040616035 good
3  17 7.93700408936 4.44624519348 5.4030148983 4.52866816521 4.59419107437 good
3  18 3.80334091187 5.00538086891 3.8926949501 3.62271690369 2.29257202148 good
3  19 4.04712700844 7.5938539505 6.69645404816 4.65654706955 5.32060980797 good
4  1 0.711296081543 1.21418309212 0.702287912369 0.589542865753 0.717325925827 good
4  2 1.46429800987 1.13523411751 0.826527118683 1.08412003517 1.56852793694 good
4  3 1.13974308968 1.18733119965 1.21045279503 0.999893903732 1.00822997093 good
4  4 1.2487680912 1.60610294342 1.67419290543 1.16214609146 0.922445058823 good
4  5 0.866307020187 2.44836997986 1.84585595131 0.709223031998 0.78293800354 good
4  6 2.15604996681 3.74427199364 3.63691401482 3.62864017487 1.64733600616 good
4  7 2.59382915497 2.74579000473 2.28276515007 1.92421889305 2.44839406013 good
4  8 3.85282802582 1.99690198898 2.26525688171 2.2718539238 2.93939590454 good
4  9 2.51998400688 3.95543193817 3.61370182037 1.8523979187 3.32086992264 good
4  10 4.36477017403 4.10364294052 3.09184408188 4.08543109894 4.14585709572 good
4  11 4.56384515762 3.09937691689 2.22640991211 2.90095114708 3.29367089272 good
4  12 5.38447093964 4.2720348835 4.39453601837 4.36203598976 3.19283509254 good
4  13 4.25883793831 4.48365998268 5.10482907295 4.26646113396 5.73191094398 good
4  14 7.94285297394 4.68768000603 5.34041309357 4.89055895805 4.31459999084 good
4  15 6.76174116135 6.54050803185 7.63006806374 5.60204482079 5.11546301842 good
4  16 7.16958594322 6.29385495186 5.39744400978 5.51173305511 5.49248409271 good
4  17 5.23055291176 5.24288582802 5.40079593658 4.8787279129 4.66519904137 good
4  18 6.98684191704 6.86082983017 5.44730210304 4.65832901001 6.80516386032 good
4  19 8.26013898849 6.38423013687 5.01513695717 6.28182411194 4.93873476982 good
5  1 0.613562107086 1.52677488327 1.39463090897 1.1409509182 1.30105304718 good
5  2 1.55818915367 1.66148710251 1.88933682442 1.14912605286 1.63391089439 good
5  3 1.23044800758 0.960436820984 1.3186788559 0.881687879562 1.31568193436 good
5  4 2.53283691406 1.53214097023 0.759939908981 1.06578183174 0.847031116486 good
5  5 3.82357192039 4.81215405464 2.66186189651 4.45930600166 2.16834306717 good
5  6 2.77694010735 2.96996593475 2.6666238308 2.88749790192 3.72528815269 good
5  7 4.68801188469 3.56051301956 3.35152697563 4.33564305305 5.12620902061 good
5  8 6.53873109818 4.99222183228 5.27605509758 5.36707687378 4.53637599945 good
5  9 5.11466908455 5.45859408379 4.78851795197 6.7764749527 5.53944706917 good
5  10 7.49867892265 6.39059305191 5.26071810722 3.87074804306 5.3795580864 good
5  11 4.69732999802 5.98790407181 4.19594597816 4.5063700676 6.10308694839 good
5  12 3.7480700016 6.03280711174 3.62536096573 3.9312069416 7.53474497795 good
5  13 12.1646459103 9.22964000702 9.22977590561 9.51094293594 11.8863089085 good
5  14 6.43983006477 5.5924448967 9.63339114189 7.90401315689 7.70235705376 good
5  15 9.67315006256 7.36816692352 6.56126904488 7.87071609497 6.33921098709 good
5  16 6.54252886772 6.19327116013 4.83929395676 6.34958100319 4.35463213921 good
5  17 5.06816887856 3.54706192017 4.25451588631 6.91350197792 8.16149115562 good
5  18 8.8120470047 8.68682408333 8.39623618126 10.4018378258 7.13535380363 good
5  19 13.1698300838 9.18888401985 13.3196799755 9.90286397934 8.83058190346 good
6  1 1.22181010246 0.73455119133 1.17935204506 1.38703513145 1.05525994301 good
6  2 1.3019630909 1.27676486969 1.10275483131 0.841292142868 0.819607973099 good
6  3 1.90225100517 1.46742606163 1.80605888367 2.36472606659 1.7088470459 good
6  4 4.3075158596 4.62027692795 3.42607784271 4.28377604485 2.95271396637 good
6  5 3.45344996452 2.04384016991 1.57875990868 1.75774002075 2.73045277596 good
6  6 6.34661912918 4.95729494095 7.96099710464 7.5995759964 2.95873904228 good
6  7 3.86195015907 4.57184791565 3.71293997765 5.41148614883 3.73169803619 good
6  8 5.01328492165 4.92845201492 5.41997003555 4.81766819954 4.49384784698 good
6  9 7.18813109398 5.7925620079 6.1376888752 5.83088803291 7.8450319767 good
6  10 6.48690700531 7.21792507172 6.22519803047 6.59072184563 4.82712197304 good
6  11 8.26426005363 8.31962394714 8.28100895882 8.10375022888 9.01689577103 good
6  12 5.79327201843 5.61754202843 5.6472260952 8.00374484062 8.28962302208 good
6  13 9.91661596298 8.6931848526 8.05486297607 7.86805009842 7.67218613625 good
6  14 8.34385490417 8.4323489666 11.2703509331 9.90655398369 9.11634516716 good
6  15 6.20699596405 4.89146518707 6.20640301704 8.57310199738 7.62443304062 good
6  16 12.6043350697 16.6989738941 13.4069678783 10.9345450401 9.50587797165 good
6  17 9.00022888184 9.3086669445 15.3827979565 11.1727740765 7.99854898453 good
6  18 11.4769260883 15.7008631229 11.6669540405 9.99851703644 12.0399458408 good
6  19 13.0072889328 12.6974761486 11.9461891651 13.453772068 12.0819289684 good
7  1 1.39099621773 1.34244894981 1.53049087524 0.933943986893 2.18957710266 good
7  2 1.15063500404 1.1484708786 1.70698714256 1.72048211098 2.81008601189 good
7  3 4.3102850914 2.78297781944 3.80284690857 3.47251582146 3.71447300911 good
7  4 4.72817111015 4.36700797081 5.18977117538 5.06119394302 5.26528596878 good
7  5 5.99906277657 5.55917096138 5.75112700462 7.00100493431 4.36659002304 good
7  6 4.53804707527 4.95308709145 6.65276694298 6.09101104736 4.78333592415 good
7  7 4.61964917183 5.27898693085 5.86120200157 4.04962992668 3.95688295364 good
7  8 9.4414730072 8.72526717186 7.98824119568 7.94391202927 12.3578081131 good
7  9 8.69655513763 8.35218214989 9.75519704819 11.2123069763 10.1915891171 good
7  10 5.88166189194 7.07342505455 7.75595092773 5.69190788269 5.64711689949 good
7  11 10.8874499798 8.7640619278 5.73917198181 6.09850406647 5.79460000992 good
7  12 3.38460803032 3.27726793289 3.11081886292 3.51614308357 3.33544921875 good
7  13 6.86354804039 6.71397399902 6.86833381653 6.85235905647 6.52958202362 good
7  14 5.09869503975 5.54921293259 4.94800710678 4.93405914307 5.04077291489 good
7  15 4.09264397621 4.42557501793 4.35789895058 4.55996799469 6.31063914299 good
7  16 7.87004590034 7.97550606728 7.77435016632 8.62352991104 8.01236391068 good
7  17 6.61243009567 6.22731518745 6.33716511726 6.69988298416 6.16283893585 good
7  18 5.05494117737 5.77981495857 5.06882190704 5.74916505814 5.47804713249 good
7  19 10.4780318737 11.9651911259 21.1887300014 11.198985815 11.1996631622 good
8  1 0.461647033691 0.480855941772 0.467782974243 0.473294973373 0.471071958542 good
8  2 1.05260896683 1.29949212074 1.21941614151 1.12895894051 1.22724914551 good
8  3 1.19043087959 1.20772790909 1.18022608757 1.20200586319 1.14279913902 good
8  4 1.59046888351 1.59994411469 1.54612803459 1.83393597603 2.1499710083 good
8  5 5.08428001404 5.0535068512 5.97392678261 4.25259995461 6.36822795868 good
8  6 3.08457899094 2.63335490227 5.36482405663 5.03170418739 6.52273797989 good
8  7 7.18027710915 5.24223899841 5.2360200882 5.19689488411 4.93375301361 good
8  8 9.62257099152 8.777354002 9.81973195076 8.67773795128 9.0448410511 good
8  9 4.91533088684 6.11789107323 6.31287407875 6.25896906853 6.08040499687 good
8  10 11.4411160946 14.0714941025 11.1597278118 5.78256082535 12.0505900383 good
8  11 8.21140289307 7.44870114326 8.00263905525 9.05377292633 9.99232411385 good
8  12 10.7574770451 14.0807890892 10.6823620796 11.7012109756 7.21458005905 good
8  13 5.03246688843 4.15948605537 5.47489500046 10.010310173 8.49511098862 good
8  14 16.5488488674 12.8887500763 14.7990758419 18.2257688046 18.4249548912 good
8  15 13.0806488991 12.1719498634 11.7428879738 12.4672839642 12.4268729687 good
8  16 18.5136828423 16.2154829502 15.2346220016 19.3279500008 21.2656447887 good
8  17 20.8007729053 22.7474720478 23.3077259064 18.5861918926 18.9164299965 good
8  18 12.479667902 10.3476579189 13.0780761242 11.803994894 10.9599440098 good
8  19 9.8229341507 25.2917630672 24.3461229801 24.2533559799 21.1136248112 good
9  1 1.6482629776 1.25730800629 1.185806036 1.09925293922 2.17187094688 good
9  2 2.08352589607 3.05351400375 2.92245078087 2.41184806824 2.26707983017 good
9  3 4.94921588898 4.44204592705 5.97006607056 4.4143550396 3.88882303238 good
9  4 7.56819295883 7.36686182022 8.65866994858 10.8524909019 12.3021249771 good
9  5 7.82112193108 8.30966687202 11.1600348949 8.95158100128 12.8692810535 good
9  6 13.6857581139 7.65263009071 9.60600709915 8.47522878647 9.90351104736 good
9  7 9.37685894966 10.2321341038 7.24278306961 7.52735495567 7.23459601402 good
9  8 5.76304006577 6.87807893753 7.04605197906 8.7946369648 8.2928481102 good
9  9 14.0038979053 16.1313230991 14.639854908 13.0936310291 12.6215789318 good
9  10 13.1980059147 11.1464140415 11.199352026 14.5545380116 15.1489129066 good
9  11 16.2876279354 16.56072402 14.5491240025 16.7954819202 14.7630598545 good
9  12 12.7462749481 12.3664588928 12.008220911 12.287186861 11.0996251106 good
9  13 23.4659919739 18.6796061993 21.5539319515 19.8840398788 18.5033488274 good
9  14 9.14351391792 7.36563301086 12.4447500706 9.6674349308 13.2992508411 good
9  15 16.4110100269 17.1095421314 14.4385838509 17.1564698219 16.0813679695 good
9  16 15.8302772045 16.9899590015 14.732460022 16.8067600727 14.1448290348 good
9  17 24.715485096 23.1138029099 27.8976819515 31.1139340401 23.154335022 good
9  18 27.7961750031 25.5365579128 22.9442551136 26.6807529926 23.1260471344 good
9  19 28.6057698727 26.2010300159 26.2276859283 30.171916008 32.0766029358 good
10  1 1.05869483948 0.971873998642 1.11330199242 0.694251060486 0.696296930313 good
10  2 1.41876316071 1.24645090103 1.10556006432 1.29052400589 1.40578007698 good
10  3 2.3837890625 1.45632791519 4.14515995979 2.12251210213 1.62758183479 good
10  4 1.56583499908 3.71894311905 2.95431184769 2.99529194832 1.98743104935 good
10  5 11.8108239174 13.2232060432 14.0262341499 10.7619490623 9.20142102242 good
10  6 13.3791890144 13.0339198112 11.9802911282 12.3322560787 16.8405740261 good
10  7 5.2736389637 4.35284805298 3.90661001205 5.79144692421 6.22430300713 good
10  8 17.6317310333 13.2887611389 9.35630488396 10.9495840073 9.20032286644 good
10  9 6.20089006424 8.65814495087 8.78841614723 9.3396961689 12.2395048141 good
10  10 9.13104319572 6.41755104065 13.8859200478 11.8039560318 14.0675520897 good
10  11 7.4280090332 8.95283293724 10.5338058472 9.30356812477 9.61287999153 good
10  12 13.0523500443 7.81381416321 8.89996480942 7.69328999519 7.63006806374 good
10  13 17.3574099541 20.8906011581 25.473610878 15.558973074 26.1348938942 good
10  14 12.9564712048 17.4237248898 16.6516489983 14.8536391258 14.4922571182 good
10  15 15.1276040077 11.8792159557 10.2522079945 13.2512879372 13.4635760784 good
10  16 25.83481884 14.2468309402 14.790651083 17.6978218555 23.9971899986 good
10  17 16.4480729103 18.6851201057 22.6847498417 22.0005209446 22.9619259834 good
10  18 22.871363163 19.2396168709 20.3560409546 20.7098069191 17.0124139786 good
10  19 12.768903017 20.9561200142 23.9262320995 27.0877640247 49.0024077892 good
11  1 6.31385993958 6.46388602257 6.44630813599 6.52958393097 6.58986496925 good
11  2 7.58991408348 6.15666794777 6.26200199127 5.15063595772 7.39765906334 good
11  3 9.99851202965 8.99420499802 7.59844088554 9.41491508484 8.647564888 good
11  4 15.1496539116 8.68926310539 7.30950713158 7.62423992157 8.1598610878 good
11  5 6.88462305069 6.12509202957 6.24601006508 6.71341300011 6.22814083099 good
11  6 9.51617312431 9.277739048 9.43949604034 9.54719901085 9.89018797874 good
11  7 16.7508049011 17.2453329563 16.1540539265 17.4926030636 17.0714840889 good
11  8 15.6783378124 16.2099518776 15.3011190891 16.4453749657 16.1411259174 good
11  9 20.0666499138 10.9799189568 10.9794199467 14.2665688992 23.7046349049 good
11  10 25.1555731297 24.1867220402 40.1866829395 26.7985451221 16.9295139313 good
11  11 11.4821610451 12.8527810574 16.7554981709 15.216381073 16.2611479759 good
11  12 14.4282839298 13.3652369976 14.4809470177 13.5022759438 7.43185400963 good
11  13 8.23037791252 10.7347350121 10.711384058 10.3128521442 17.4326078892 good
11  14 16.2883560658 15.1479148865 12.608093977 12.2945780754 8.69666695595 good
11  15 30.0036969185 13.9849948883 14.1383628845 25.7549171448 22.4312000275 good
11  16 8.4448018074 16.6748249531 17.8085448742 12.0884130001 9.7691848278 good
11  17 25.1719779968 25.4010028839 25.2473890781 12.8073358536 36.001324892 good
11  18 29.5759871006 25.8015680313 25.704554081 27.1530067921 24.1829061508 good
11  19 28.5191631317 18.2166688442 13.5852499008 13.8972251415 14.4836308956 good
12  1 0.91388297081 0.914894104004 0.917437076569 0.930132865906 0.886401891708 good
12  2 1.50308609009 1.64835906029 1.80143499374 1.47381210327 1.72368693352 good
12  3 5.73430681229 10.9144558907 11.3248538971 10.3573999405 11.7711119652 good
12  4 19.194685936 16.1361470222 14.0748269558 12.0723249912 13.1846189499 good
12  5 11.7027280331 7.69441604614 4.732681036 7.68189096451 6.89004611969 good
12  6 9.15127706528 8.14494180679 6.66845488548 21.8511300087 23.5018570423 good
12  7 16.5738449097 17.2956249714 17.5711619854 17.2371687889 17.0682690144 good
12  8 50.1233029366 54.5620448589 49.308152914 45.5599219799 23.2855429649 good
12  9 26.8518090248 27.6119811535 31.6417648792 22.9926068783 19.1882030964 good
12  10 9.58568382263 11.7678260803 18.9704940319 17.9285187721 24.0649819374 good
12  11 23.2119119167 14.2545390129 14.9857079983 8.34779286385 7.05318689346 good
12  12 11.3374660015 11.2960469723 11.566078186 11.081207037 11.1020009518 good
12  13 8.70594406128 10.9662461281 11.0313379765 8.75960087776 8.46325516701 good
12  14 20.2106728554 19.2735979557 32.8313241005 39.4246380329 25.5078909397 good
12  15 12.9536030293 9.21187400818 10.0253691673 11.5136399269 10.0092339516 good
12  16 31.5063781738 21.1330239773 16.8501989841 21.5155510902 40.0697181225 good
12  17 41.6180870533 29.6178860664 12.8852071762 12.2897799015 12.7743220329 good
12  18 24.301735878 37.990737915 30.1536679268 19.0904560089 21.447245121 good
12  19 15.8096978664 33.3839981556 25.3052639961 54.8702690601 69.086055994 good
13  1 11.2915780544 8.27149915695 9.39874005318 7.57165193558 3.14324784279 good
13  2 1.99131608009 2.90962100029 2.09438896179 7.98161292076 5.04773807526 good
13  3 2.67319107056 2.63752698898 2.70376491547 2.28161787987 2.72658896446 good
13  4 4.72637414932 4.51910710335 4.91063213348 10.1318740845 9.1738409996 good
13  5 11.1186611652 11.3210968971 11.7542290688 9.96645092964 5.4748980999 good
13  6 5.96338605881 5.77064013481 6.0082859993 6.0629940033 6.21695280075 good
13  7 5.90722203255 5.4488799572 8.98119401932 8.44460296631 10.2506639957 good
13  8 11.7470700741 13.9416189194 7.98199510574 8.04128313065 7.90229701996 good
13  9 25.8940548897 14.923197031 12.5483160019 11.8876290321 14.3883728981 good
13  10 8.82902407646 8.4363951683 8.99069499969 18.3274371624 14.970717907 good
13  11 21.1591582298 22.5701880455 40.3603610992 23.68277812 32.4630661011 good
13  12 51.8871738911 31.9001231194 23.4390289783 22.113984108 15.3293471336 good
13  13 9.44305300713 9.33735609055 12.199185133 15.6718239784 32.9279558659 good
13  14 50.1667330265 21.8684000969 23.9500050545 13.7068209648 20.8576190472 good
13  15 12.8025100231 13.1929349899 26.6855800152 23.2009339333 24.6235902309 good
13  16 14.6338260174 11.1739931107 14.8958661556 15.0831389427 11.4223530293 good
13  17 24.7658700943 27.4654080868 68.1413910389 53.7398641109 39.4448421001 good
13  18 33.6626241207 33.7938971519 35.5564539433 42.7188489437 31.0749619007 good
13  19 15.2901101112 14.9398899078 14.9043087959 14.3520970345 15.2800059319 good
14  1 7.86073303223 7.74470090866 7.69482207298 7.76413607597 7.78196406364 good
14  2 3.93160891533 4.40640997887 2.3183028698 2.4017560482 3.78714108467 good
14  3 3.66650891304 3.60197401047 3.43780899048 10.500150919 13.9524140358 good
14  4 8.07103896141 8.21914982796 12.3943459988 16.2657489777 13.9872980118 good
14  5 13.3063931465 10.8388111591 6.62546896935 6.40372014046 6.37215209007 good
14  6 7.50097990036 7.36212778091 7.46742010117 7.56219696999 7.30707097054 good
14  7 7.97578787804 7.46360301971 7.65598082542 7.56922793388 7.69107413292 good
14  8 6.94924807549 6.85588884354 7.34712696075 7.20955395699 7.26834702492 good
14  9 12.6668050289 12.3289558887 12.8567631245 14.0843889713 12.7762358189 good
14  10 20.3186628819 20.0949459076 33.0009999275 42.3621459007 41.1435101032 good
14  11 23.0022850037 23.3332409859 24.4126110077 22.5572659969 34.7534990311 good
14  12 40.9965388775 23.3979411125 10.0036151409 16.2056441307 18.6845149994 good
14  13 20.1572020054 28.3107950687 22.4500911236 42.2849419117 50.9831371307 good
14  14 78.2410750389 60.8880381584 57.263201952 55.6968579292 55.9713840485 good
14  15 28.0217888355 24.8993449211 26.8202970028 25.5571517944 24.8824338913 good
14  16 27.577709198 26.2694680691 27.2833499908 22.582449913 24.8350069523 good
14  17 35.7967939377 32.9804899693 34.2942669392 53.3696479797 65.3911211491 good
14  18 40.2213470936 40.2115750313 37.8606958389 35.9741220474 39.6878819466 good
14  19 56.7856709957 100.796988964 117.151026011 102.062026978 83.9866330624 good
15  1 1.3156850338 1.3040599823 2.22060704231 1.49099111557 2.49715399742 good
15  2 4.38084602356 2.66311311722 2.60815596581 2.69451189041 2.22502708435 good
15  3 4.08768987656 4.57804894447 4.64821386337 4.63574409485 4.71074700356 good
15  4 4.25389385223 4.27729320526 4.08132505417 4.12222695351 3.9640109539 good
15  5 11.7055530548 7.93237900734 7.20563101768 21.3564679623 31.8371920586 good
15  6 30.5023379326 23.2057061195 15.703674078 23.2757709026 30.3205771446 good
15  7 25.9595119953 32.9602520466 21.3184070587 8.25690293312 8.36020708084 good
15  8 14.2795641422 14.6287770271 14.6047770977 20.3482749462 16.7974569798 good
15  9 37.6143779755 43.0833609104 34.2589659691 26.8534350395 37.5433430672 good
15  10 47.8500199318 37.6311647892 56.7086760998 27.2633738518 48.3019690514 good
15  11 25.3641119003 14.0134289265 20.8989851475 18.9366409779 19.3854370117 good
15  12 34.4800729752 58.397744894 35.2594971657 24.4555599689 38.9900610447 good
15  13 13.8462338448 22.4858720303 26.958810091 19.228071928 47.3512589931 good
15  14 27.5620880127 22.0562670231 21.2086629868 19.7279629707 16.6185090542 good
15  15 34.1810560226 36.426915884 67.4142680168 38.8042399883 62.0041720867 good
15  16 46.5708370209 43.7684290409 38.3959579468 35.148594141 51.7920351028 good
15  17 27.7963991165 39.4582738876 35.2391090393 33.4610760212 34.1792299747 good
15  18 38.4199948311 137.297007084 55.6268568039 50.6957018375 40.4229772091 good
15  19 21.6025111675 22.8083529472 21.5965709686 21.4361329079 30.4976410866 good
16  1 4.60566902161 5.22496390343 7.53618311882 5.70432806015 7.862844944 good
16  2 18.0245261192 6.74481797218 5.00953984261 6.3469247818 4.79640984535 good
16  3 4.19545197487 4.72212815285 5.0319890976 5.06313705444 4.99172997475 good
16  4 4.90154886246 4.77021813393 4.88191318512 4.5219810009 4.81395983696 good
16  5 6.27126717567 6.2034971714 6.17704606056 14.1818051338 8.38242387772 good
16  6 8.18300509453 7.15480613708 7.78963494301 7.82366991043 7.75781583786 good
16  7 9.50490307808 9.44588899612 9.43567609787 9.67255997658 9.73127198219 good
16  8 23.4594559669 16.5874471664 16.997273922 16.5906100273 36.7096290588 good
16  9 16.2596530914 13.6256668568 13.8957030773 38.9155881405 14.1538879871 good
16  10 78.9687540531 33.0432121754 31.0157868862 53.0773911476 30.1450090408 good
16  11 14.9704339504 24.3378589153 22.4534888268 50.4798088074 18.3612310886 good
16  12 55.0095930099 36.936316967 39.5578160286 40.3400130272 38.7881770134 good
16  13 53.1922671795 39.8144748211 45.7260649204 17.4956641197 13.4140219688 good
16  14 48.4595770836 100.411487103 105.230181932 47.9809958935 35.8528809547 good
16  15 26.9830510616 38.97960186 22.4808690548 19.2740709782 19.289110899 good
16  16 61.3898808956 111.262103081 60.5576548576 72.4149260521 56.5009191036 good
16  17 54.6716709137 66.6803991795 87.3770000935 33.7267379761 31.3646168709 good
16  18 24.1649529934 23.2203822136 24.8741519451 24.5607671738 24.8119599819 good
16  19 62.5346570015 45.108011961 98.421033144 118.028574944 69.411247015 good
17  1 4.00761008263 3.4916331768 4.00886893272 4.33111476898 2.31465005875 good
17  2 5.55131101608 2.59309411049 7.74253797531 5.86131381989 5.42697119713 good
17  3 10.1130840778 9.75091505051 9.53507399559 11.8973548412 5.14544010162 good
17  4 45.9857180119 39.0332090855 28.4525260925 20.8428330421 24.6644759178 good
17  5 6.91480302811 7.16712880135 7.06038689613 8.13203597069 11.0689251423 good
17  6 9.68472909927 19.6050610542 20.0392258167 20.5828909874 22.2206089497 good
17  7 17.6605701447 18.1227240562 16.723151207 17.2601220608 17.6582159996 good
17  8 26.3725061417 26.9097290039 28.5786390305 25.5710599422 24.9384949207 good
17  9 41.295953989 50.4713850021 42.1920089722 40.639067173 37.9692201614 good
17  10 59.796916008 53.1387319565 41.325026989 24.922440052 14.8195698261 good
17  11 28.2777249813 12.7067570686 18.5221660137 28.7473790646 15.543156147 good
17  12 75.3238561153 62.1304719448 42.3409152031 60.0828778744 85.9624130726 good
17  13 45.0751440525 46.4683990479 48.679543972 48.5105957985 49.0121760368 good
17  14 38.5448849201 32.7442889214 24.8853869438 86.4984550476 74.4171249866 good
17  15 21.9750449657 20.0721120834 22.0790998936 21.6123769283 57.8206729889 good
17  16 59.8734879494 31.2417728901 54.0059809685 54.3134391308 24.1260268688 good
17  17 51.7303059101 72.0457031727 74.6804790497 87.1942420006 136.916655064 good
17  18 103.237776995 94.4597449303 91.864664793 90.3875451088 87.2603549957 good
17  19 95.7154371738 112.382502079 137.04994297 212.430995941 102.903738976 good
18  1 1.9699909687 1.9348859787 1.92403817177 1.87348103523 1.91903281212 good
18  2 3.46380114555 3.81064009666 3.28039598465 3.04084706306 2.96923804283 good
18  3 4.80938506126 5.05413794518 5.03890609741 5.24786710739 5.19297289848 good
18  4 7.64570093155 10.295997858 22.1974089146 7.71677303314 5.67826008797 good
18  5 35.1662840843 25.0474600792 61.3264141083 82.9871070385 90.2290430069 good
18  6 30.8066651821 20.8370859623 16.5404689312 17.4669458866 16.9044361115 good
18  7 3687.18342614 2649.05714297 22.2224769592 2782.38426495 1893.6317749 good
18  8 46.3297100067 23.5742650032 19.6381969452 21.2344789505 39.8634688854 good
18  9 33.1882190704 33.0902321339 33.7440299988 38.7575929165 32.1128878593 good
18  10 19.0860741138 21.0286228657 19.7757089138 19.3502690792 14.6751019955 good
18  11 17.1749649048 17.2253100872 17.2793049812 16.7924509048 32.7664160728 good
18  12 21.7806332111 26.7961139679 15.3907048702 15.3920938969 16.5064251423 good
18  13 44.867718935 44.5282921791 44.0512318611 43.2133769989 42.5696611404 good
18  14 31.4916801453 37.7121529579 65.2812120914 56.1462161541 32.2807891369 good
18  15 22.7366600037 22.1835639477 22.5418109894 22.1327271461 21.8963518143 good
18  16 20.9899971485 20.5932860374 25.8014929295 24.0465791225 20.4663968086 good
18  17 34.9065620899 46.8520300388 35.8943758011 41.4689290524 31.7218198776 good
18  18 56.9402749538 81.1879367828 58.7523779869 57.2948019505 59.7515208721 good
18  19 34.2315990925 25.0457720757 35.0217399597 32.9691059589 25.447067976 good
19  1 3.6144759655 3.57944083214 3.5336959362 3.49222302437 3.49770784378 good
19  2 6.02638602257 5.05924916267 6.68497490883 5.24540615082 5.09707713127 good
19  3 13.8181750774 13.6552739143 13.6434159279 7.76656985283 13.296751976 good
19  4 11.5364778042 11.218681097 11.2675280571 11.2857458591 11.5059490204 good
19  5 8.20611381531 7.3615629673 8.16120195389 8.31413888931 7.66284203529 good
19  6 32.0989501476 31.8363358974 33.1082439423 31.2123501301 32.5819699764 good
19  7 14.0597808361 14.3546199799 14.2130241394 13.7106981277 14.6736698151 good
19  8 15.0667610168 15.5729670525 15.6589288712 17.3065419197 16.115655899 good
19  9 38.758838892 36.4042401314 38.3301141262 37.4878509045 40.8131420612 good
19  10 21.8551380634 21.6194860935 22.044905901 22.5952908993 24.223334074 good
19  11 45.7348618507 40.9991879463 16.1733298302 45.6769230366 44.872040987 good
19  12 61.3587760925 46.8593709469 47.2186768055 48.5104739666 47.2554330826 good
19  13 27.1520559788 27.4151608944 26.9084000587 27.531452179 27.9753448963 good
19  14 24.9282948971 24.1781179905 23.7336809635 24.1038160324 24.5042829514 good
19  15 22.1053419113 22.2265131474 22.8394420147 22.6534371376 23.8965129852 good
19  16 33.5481550694 34.6036379337 33.1231958866 32.1188941002 34.0186538696 good
19  17 71.7889080048 71.5591981411 61.4477548599 63.4509279728 68.2848591805 good
19  18 76.1287658215 75.9176959991 90.1260359287 132.63211298 88.1962418556 good
19  19 36.9385609627 36.0572121143 85.1649589539 80.6448359489 46.5466659069 good
20  1 6.47416305542 7.28915810585 7.15403795242 7.23732304573 7.30171203613 good
20  2 6.46174716949 4.6209859848 4.36338400841 4.0725300312 4.20420598984 good
20  3 5.54248094559 5.54114699364 5.97269511223 5.93829393387 6.01886510849 good
20  4 8.7583758831 20.432502985 18.9215569496 20.8092489243 8.56989002228 good
20  5 41.2860739231 44.7284359932 31.3334491253 34.4070599079 36.3298950195 good
20  6 37.3495509624 35.4560661316 92.7050130367 45.3876290321 33.3903019428 good
20  7 11.4789428711 12.6041829586 12.1216430664 12.3634672165 14.1733868122 good
20  8 32.7299370766 12.9044661522 13.4602751732 23.746183157 35.219712019 good
20  9 15.902285099 23.867582798 43.361987114 39.0824520588 29.0354778767 good
20  10 41.699712038 45.1513810158 42.0732290745 25.6869781017 17.3650557995 good
20  11 45.5608348846 51.999101162 75.5941958427 82.2153449059 55.7526211739 good
20  12 98.9705371857 84.4718689919 86.9029910564 79.6788358688 67.6806590557 good
20  13 19.6243679523 33.4438891411 21.3879790306 38.7133588791 40.6540930271 good
20  14 107.743189812 110.951344013 120.290560961 71.7277801037 79.4203870296 good
20  15 30.4432210922 35.864084959 27.8613469601 58.4700279236 27.2842822075 good
20  16 126.061053991 103.156734943 169.355434179 107.470346928 71.0598769188 good
20  17 73.1384010315 70.5658798218 75.71529603 73.0619599819 125.350981951 good
20  18 78.333865881 75.4637751579 74.5848019123 85.4574840069 94.3147168159 good
20  19 96.7343769073 88.9943311214 66.4176189899 70.9380919933 110.425496817 good
21  1 2.43274688721 2.39150190353 2.44261980057 2.39312911034 2.39854693413 good
21  2 6.11038994789 5.83777403831 5.8717250824 6.87035703659 6.11803889275 good
21  3 29.1667001247 30.2479939461 28.9236028194 30.2012140751 30.8610348701 good
21  4 20.1773548126 20.2128829956 20.0778717995 20.7506110668 21.1738350391 good
21  5 9.14503192902 9.89479207993 8.55613088608 9.35579204559 9.1028149128 good
21  6 17.0796689987 18.1749470234 17.9123501778 16.7536289692 18.6628069878 good
21  7 43.2974140644 44.3121170998 39.7102828026 45.2841420174 43.5886340141 good
21  8 14.1564099789 13.8311030865 14.1227469444 15.8791339397 15.7337300777 good
21  9 18.2917361259 18.2047441006 16.8708369732 17.0902869701 17.276900053 good
21  10 52.7629590034 54.4997479916 55.0499460697 54.0523660183 57.6474530697 good
21  11 26.6705029011 25.5761590004 26.1910898685 26.0959570408 24.5104188919 good
21  12 32.9080171585 30.6568601131 32.4050900936 32.9101829529 34.6263380051 good
21  13 33.8329079151 51.5157818794 32.8991961479 54.0803079605 33.6711549759 good
21  14 33.9661149979 35.4428889751 37.9237861633 36.3931829929 36.924849987 good
21  15 32.8941731453 36.0001440048 32.5033509731 33.3966538906 36.2378818989 good
21  16 54.9591770172 61.6114919186 57.1962220669 55.6776731014 57.2494130135 good
21  17 29.7066679001 31.645375967 29.7166340351 30.2244169712 31.3629550934 good
21  18 35.4277319908 39.92278409 36.5637230873 38.9852349758 35.2516160011 good
21  19 86.9910740852 85.6352000237 86.2375459671 85.7235510349 85.8467559814 good
22  1 2.79107785225 2.78538799286 2.62955403328 2.69179105759 2.73699688911 good
22  2 16.0683708191 13.4324491024 15.9770140648 13.5068759918 16.0198688507 good
22  3 12.5073301792 12.9841969013 12.5851900578 12.3241980076 12.4038219452 good
22  4 13.1295740604 13.3310818672 12.8463571072 12.4937758446 12.6218931675 good
22  5 30.7140269279 34.2890238762 30.6220729351 31.7901790142 32.9219350815 good
22  6 12.2578289509 11.9127838612 15.10136199 12.444535017 13.0122089386 good
22  7 19.0857701302 17.2380840778 17.1225030422 18.1615169048 17.2925078869 good
22  8 27.9925098419 28.4129731655 29.6235501766 31.5221149921 29.8285429478 good
22  9 29.0776929855 30.4729340076 29.8148701191 29.8268167973 28.4491121769 good
22  10 23.4421298504 26.6567480564 23.0848500729 24.1723349094 24.6295149326 good
22  11 22.4792559147 21.6636781693 22.2613699436 21.8999779224 22.4544909 good
22  12 24.555000782 23.2536230087 24.8333098888 24.0484809875 23.5137598515 good
22  13 69.1161251068 67.8459928036 69.4133450985 68.6826679707 68.4206850529 good
22  14 28.0823590755 28.4930551052 27.7064650059 28.8543040752 27.4761099815 good
22  15 32.3142669201 31.7981469631 33.4530959129 31.8421680927 30.3548018932 good
22  16 66.4171779156 67.0156478882 69.6184120178 74.7441141605 70.7304759026 good
22  17 145.38672781 209.430474997 100.234758139 91.4689030647 93.163038969 good
22  18 64.5771517754 63.8479208946 66.9868841171 68.4108979702 63.3103711605 good
22  19 43.3460979462 41.0573749542 44.8499109745 43.1246891022 42.4085569382 good
23  1 5.32516598701 5.26343393326 5.35610294342 5.86770415306 5.39681005478 good
23  2 4.77730703354 6.3253390789 5.17943120003 4.89887785912 5.69193100929 good
23  3 9.30800390244 9.58789610863 9.42693090439 9.41362309456 8.72409582138 good
23  4 13.5735290051 13.6327459812 14.3386487961 14.0991518497 13.1333758831 good
23  5 15.928344965 15.7268579006 15.4373941422 15.4028429985 15.1049089432 good
23  6 165.756685019 167.208430052 182.975818872 161.131945133 183.65554595 good
23  7 16.9180040359 15.4346699715 15.1325938702 16.2491300106 15.5506601334 good
23  8 64.7484030724 67.0207259655 56.4080200195 56.1154961586 37.1957240105 good
23  9 55.8450260162 57.1733880043 60.0579059124 58.8692250252 56.383767128 good
23  10 20.599424839 21.1597788334 21.6464660168 22.0472109318 20.8061800003 good
23  11 35.4009330273 35.5140709877 33.3427331448 36.6494681835 35.3853769302 good
23  12 52.9097471237 64.3078532219 26.2098278999 26.9557628632 28.5174639225 good
23  13 44.5884530544 30.5860521793 29.6895589828 65.9800159931 27.30513978 good
23  14 60.5066978931 56.9381070137 54.8934860229 54.989109993 81.5654280186 good
23  15 35.3358099461 34.4376029968 33.0967638493 33.6546680927 33.4900979996 good
23  16 46.9995348454 49.0633649826 45.8219530582 46.2331821918 48.0582439899 good
23  17 39.1823568344 39.2420601845 38.8969979286 40.2581570148 38.9345560074 good
23  18 49.9020678997 47.9387500286 49.8845219612 51.9411270618 50.7008168697 good
23  19 110.753283978 114.89935112 172.933895111 117.943642139 142.916376114 good
24  1 3.21077203751 3.05730509758 3.1450278759 9.01369404793 7.04541802406 good
24  2 6.81368803978 5.57816696167 6.57024812698 13.0829071999 6.62234187126 good
24  3 8.61960601807 8.33530712128 9.38133192062 7.19110798836 7.20540094376 good
24  4 32.396337986 16.462870121 25.3086800575 22.2952759266 22.3106889725 good
24  5 16.7207651138 19.0466861725 12.872287035 12.346683979 13.8448009491 good
24  6 81.9865531921 57.1679759026 55.0049009323 75.6257429123 55.1974380016 good
24  7 39.0687000751 33.2286250591 34.8194358349 41.0350470543 39.3510789871 good
24  8 31.6301679611 20.3331201077 17.6030440331 32.0051779747 41.352519989 good
24  9 51.4985699654 32.6345999241 32.7615358829 35.1014780998 35.0433909893 good
24  10 30.6145179272 32.406291008 48.7822480202 76.4240570068 32.6774661541 good
24  11 75.0152540207 85.0725660324 101.664614916 82.6550328732 81.4533369541 good
24  12 58.435254097 27.3857209682 28.3120868206 26.5977950096 26.913107872 good
24  13 85.8260531425 44.7710249424 41.5117909908 45.607763052 70.865172863 good
24  14 36.68430686 58.4077978134 34.3602268696 95.659514904 37.5691518784 good
24  15 97.8115000725 99.3927218914 101.586400986 100.255903006 145.052229881 good
24  16 105.590373039 81.3694708347 81.1598160267 84.9276258945 76.3354618549 good
24  17 39.987183094 131.756723881 41.8775770664 39.3761749268 42.6667301655 good
24  18 134.206029177 190.256126165 191.592689037 171.689605951 244.999135017 good
24  19 84.7568628788 62.9479188919 71.1438229084 54.7791090012 55.8522441387 good
25  1 12.2031769753 10.5174348354 5.51599407196 5.65797901154 5.51089882851 good
25  2 15.8607859612 17.6630239487 20.2086629868 22.1788270473 13.66197896 good
25  3 25.3819270134 25.625649929 25.5290088654 25.3986070156 25.2691779137 good
25  4 14.184458971 11.1240880489 12.2893469334 18.4737980366 14.1613490582 good
25  5 13.8242139816 12.8290879726 13.7194058895 12.7291769981 13.6489560604 good
25  6 53.5697109699 49.2121520042 52.0056908131 50.8971550465 48.9945311546 good
25  7 64.1229829788 62.9478640556 72.6612179279 62.9580709934 61.8751730919 good
25  8 19.096560955 27.5981969833 18.5424690247 19.7150220871 29.5489759445 good
25  9 55.0454320908 86.8080480099 59.9980430603 108.168854952 124.823539972 good
25  10 96.3328378201 68.0699830055 42.516669035 38.7021820545 40.7628040314 good
25  11 28.1746749878 27.2410149574 28.489661932 30.1406788826 28.8427529335 good
25  12 37.5070650578 110.12789607 83.6796610355 46.8349540234 47.7667839527 good
25  13 107.386863947 115.243139029 86.1271178722 90.5856010914 82.9573340416 good
25  14 36.1853320599 37.2787549496 36.8359708786 36.2647368908 74.0202620029 good
25  15 44.8770039082 43.5221381187 46.8504099846 39.817276001 37.6836390495 good
25  16 116.52305913 114.290969133 114.432832003 117.196882963 116.879983902 good
25  17 44.9708960056 44.9492361546 44.2130830288 47.5825099945 42.9697799683 good
25  18 123.95371604 125.823745966 134.771879911 126.45183897 128.753972054 good
25  19 73.2922520638 75.3827052116 75.3179819584 75.7277419567 79.8486340046 good
26  1 8.6407058239 8.59775590897 8.81645798683 9.40912699699 7.74539899826 good
26  2 7.12483596802 7.11868596077 7.68524193764 6.3245139122 6.49844408035 good
26  3 10.7693789005 10.4036381245 10.9906859398 10.8784818649 10.9980139732 good
26  4 12.8795859814 13.0362010002 12.424284935 13.082711935 12.8998360634 good
26  5 13.4697890282 14.8580830097 15.017690897 14.2060658932 37.256155014 good
26  6 173.428297043 77.729968071 65.8717021942 63.598222971 83.0958299637 good
26  7 18.826169014 19.0011711121 18.5015590191 18.6776509285 48.6449780464 good
26  8 41.6615650654 46.1708171368 56.8377599716 24.4468710423 21.1943171024 good
26  9 30.5658929348 30.5548501015 48.0328199863 38.7168180943 32.1195180416 good
26  10 127.846482038 121.521138191 99.5645949841 86.9585638046 114.145650864 good
26  11 142.892697096 101.95696497 101.88270998 110.999952078 100.88439703 good
26  12 104.586351871 105.913254976 103.898418188 105.850674868 105.547499895 good
26  13 233.419792891 217.857357025 105.444250822 102.627460003 108.905588865 good
26  14 125.20371294 190.130573034 175.26293993 169.890727043 177.404251099 good
26  15 207.417140007 133.419348001 130.592113972 131.528723001 120.053331852 good
26  16 52.7587189674 52.808606863 53.5795800686 52.567966938 51.9465181828 good
26  17 96.6699368954 100.646382093 100.476480961 99.0451848507 101.690653086 good
26  18 65.519010067 63.9902050495 65.7148599625 65.5907678604 65.1468548775 good
26  19 107.584616184 109.655815125 103.719691992 102.725460052 101.497828007 good
27  1 6.76171898842 6.49580287933 6.42168903351 6.49041986465 5.74780297279 good
27  2 7.92138314247 8.80960011482 9.34225010872 8.88651204109 7.14929890633 good
27  3 10.6975989342 9.3987197876 11.8279180527 22.645483017 10.8613379002 good
27  4 13.946377039 12.4651720524 18.4108240604 34.286634922 32.7979879379 good
27  5 40.5115938187 52.1321070194 20.871243 23.1400589943 43.1362051964 good
27  6 30.0651841164 24.4254760742 24.0778589249 33.5382637978 24.0639529228 good
27  7 27.8157000542 27.2964630127 56.2112460136 40.1014809608 26.4193899632 good
27  8 39.7670509815 39.9765489101 40.7594521046 67.0790028572 44.2392251492 good
27  9 44.60034585 44.7359879017 86.6031551361 59.4184811115 46.8241109848 good
27  10 30.1294629574 33.0498161316 32.8103921413 33.4747838974 34.5344698429 good
27  11 32.5632410049 33.6399178505 31.4582648277 29.8501260281 32.2355589867 good
27  12 109.633300781 111.706018925 117.298297167 119.693758965 115.147216797 good
27  13 94.4436819553 89.7858350277 87.8284239769 212.217694044 94.2515809536 good
27  14 74.2867639065 73.1140761375 68.8487350941 72.5910511017 73.027007103 good
27  15 54.9242520332 55.0862660408 54.380546093 54.2422208786 57.5799300671 good
27  16 49.6009459496 52.8260200024 50.008234024 51.0782318115 50.6202580929 good
27  17 49.0278329849 98.4743459225 49.1976690292 51.0858509541 50.1181280613 good
27  18 92.1432430744 92.5759110451 97.3170368671 94.0207509995 88.8851389885 good
27  19 93.1539969444 107.653848886 167.985329866 99.0741109848 96.7130022049 good
28  1 4.24031496048 4.33273792267 4.23784708977 4.35089683533 4.23947691917 good
28  2 7.57523012161 9.50771403313 8.24223184586 7.65134501457 9.33914685249 good
28  3 18.4038898945 19.5518529415 18.2630419731 18.3560359478 18.974545002 good
28  4 15.2713298798 14.7662799358 15.090157032 15.4920489788 14.4265320301 good
28  5 18.3188099861 16.5490469933 16.0732049942 17.0715198517 17.2791590691 good
28  6 19.8750970364 19.7470600605 19.3168900013 20.9693031311 50.8209280968 good
28  7 22.7253570557 24.2210490704 44.607943058 24.2169151306 24.0874569416 good
28  8 44.0479781628 53.7775490284 48.3477909565 44.6552131176 52.5674319267 good
28  9 104.327314138 106.151792765 104.774765015 120.593064785 124.132104874 good
28  10 37.340141058 36.7143678665 39.1276488304 36.5283360481 39.3814980984 good
28  11 38.6387481689 38.2921710014 61.3571908474 58.7738080025 35.9924530983 good
28  12 69.0619750023 61.8777661324 52.4489319324 52.7186739445 85.458976984 good
28  13 49.8210799694 51.5437920094 41.093364954 52.2996139526 96.6523330212 good
28  14 93.5255320072 96.6341629028 98.242223978 105.60100913 97.4205880165 good
28  15 104.74676919 108.714073896 125.216145039 195.908478022 118.947612047 good
28  16 50.1273729801 59.7302429676 79.2941119671 60.7590689659 63.0306670666 good
28  17 60.7843689919 79.4720900059 56.8298578262 59.4351520538 59.7738721371 good
28  18 210.510050058 167.368509054 172.162899017 234.665961027 269.463551044 good
28  19 128.734547138 107.007777929 170.333928108 163.87233901 101.485131979 good
29  1 6.98178982735 8.16797089577 13.5069270134 16.1131350994 21.8698809147 good
29  2 22.7657630444 11.0749628544 8.67416906357 8.11702299118 7.64357709885 good
29  3 16.4894149303 11.5402650833 17.2103481293 15.9438939095 14.1457409859 good
29  4 22.3068549633 24.2416789532 25.5751831532 22.5794520378 25.0106329918 good
29  5 32.9431807995 64.7003848553 74.7937560081 35.2327921391 34.3146469593 good
29  6 136.805418015 139.847171068 108.00846982 127.770022869 114.454289198 good
29  7 113.191616058 166.414875031 157.373783112 112.262202024 155.039849997 good
29  8 31.979929924 48.9195039272 35.5246710777 51.3086400032 59.296653986 good
29  9 76.4341568947 145.948820114 73.3437211514 93.0076730251 79.765403986 good
29  10 121.212339163 133.172945023 126.660573006 118.334746122 133.688217878 good
29  11 36.0982820988 34.3498120308 39.9512457848 36.7189128399 35.2721691132 good
29  12 47.8581171036 51.3437590599 49.366699934 48.9837129116 49.3151741028 good
29  13 140.864301205 130.231112003 201.112161875 215.761245012 62.5363991261 good
29  14 46.4061031342 46.4323191643 48.1936180592 46.8288190365 46.9241249561 good
29  15 59.1258978844 94.288795948 71.7791581154 82.0766870975 57.9617059231 good
29  16 55.6476459503 54.1827208996 88.3734500408 100.996245861 66.0143480301 good
29  17 61.943571806 67.1573369503 60.9137129784 60.2111740112 58.7034480572 good
29  18 70.727768898 117.99304986 70.3967599869 67.275881052 71.6541860104 good
29  19 76.8546271324 71.0732610226 72.4271039963 72.4248299599 72.3251149654 good
30  1 15.1122429371 15.5449011326 14.8675580025 15.4825232029 14.8160750866 good
30  2 91.0326149464 154.566468954 75.3010411263 29.3953621387 33.5267870426 good
30  3 6.06701397896 7.13857698441 6.62704586983 7.67001104355 6.1387348175 good
30  4 12.3952391148 13.2811379433 12.3466291428 12.6617500782 12.918473959 good
30  5 12.2347900867 12.3952770233 10.8409569263 12.2086110115 11.8224930763 good
30  6 12.4005029202 11.2457799911 12.4422659874 12.5397729874 12.7160029411 good
