2 0.124592065811 0.248805999756 0.210875034332 0.127487897873 0.273590803146 good
3 0.222351074219 0.201789855957 0.206792831421 0.311371088028 0.221968889236 good
4 0.206973075867 0.201664924622 0.201769113541 0.230444908142 0.361655950546 good
5 0.251799106598 0.253015995026 0.245759963989 0.303916931152 0.130753993988 good
6 0.167271137238 0.192318916321 0.162210226059 0.160413980484 0.163697004318 good
7 0.346008062363 0.336736917496 0.337263822556 0.334722995758 0.350947141647 good
8 0.247027873993 0.236202001572 0.232726097107 0.235260009766 0.255242109299 good
9 0.459210157394 0.335643053055 0.360809087753 1.11914587021 0.443763971329 good
10 0.327358007431 0.338658094406 0.346096038818 0.358036994934 0.329960107803 good
11 0.401170015335 0.428674936295 0.399145126343 0.404119968414 0.411506891251 good
12 1.0633919239 1.05067515373 1.00638318062 1.41823101044 1.34975790977 good
13 1.29250812531 1.21096086502 0.529270172119 1.12248015404 1.34051299095 good
14 2.00948095322 1.36723709106 1.70834517479 1.45391702652 1.76961088181 good
15 1.7496008873 1.83723115921 1.91894006729 1.89122605324 1.80748105049 good
16 1.31469702721 0.74649810791 0.796469926834 2.09132885933 1.98833107948 good
17 2.12724685669 1.5390818119 2.02202892303 1.2608089447 1.30560684204 good
18 1.07470107079 1.94127583504 2.1981151104 2.5787088871 2.83021616936 good
19 4.31277084351 3.97308492661 3.60579299927 3.09358596802 3.10433006287 good
20 3.07615089417 3.61947989464 2.65532493591 2.82200789452 3.17919301987 good
21 7.46820807457 6.65379309654 6.51654410362 6.54047393799 5.9149389267 good
22 5.79331088066 8.13802909851 6.82837414742 7.18061804771 5.68488001823 good
23 8.97627305984 8.01466798782 7.87710809708 6.08888816833 5.83193302155 good
24 4.82803797722 6.82162809372 6.44860696793 6.30265188217 5.57735991478 good
25 6.17697691917 4.74637198448 5.73761200905 5.18151187897 3.71878099442 good
26 9.33008313179 8.60520887375 10.1014540195 10.6537749767 9.49600481987 good
27 6.15783405304 7.21662092209 6.10230708122 5.83653998375 5.35474920273 good
28 14.3963830471 11.0372738838 9.21056103706 11.4433557987 11.8482999802 good
29 7.89879202843 8.22137308121 8.32448291779 6.49367880821 7.68846702576 good
30 10.2226819992 11.1929719448 9.18075609207 11.3831729889 11.5184569359 good
31 9.33520197868 9.26300692558 9.14087796211 6.55832004547 10.4259808064 good
32 8.8685259819 10.875795126 9.63452887535 12.5767841339 11.5093579292 good
33 26.9107210636 21.7214670181 23.6342308521 21.9143650532 21.9203541279 good
34 10.7159600258 10.7017550468 13.8736410141 10.4896991253 10.5991959572 good
35 11.8252220154 13.8913421631 11.5130398273 12.0897250175 11.4980940819 good
36 11.2583348751 11.6201550961 9.70203113556 11.0294589996 14.3859708309 good
37 12.1196579933 12.6629929543 10.5077168941 9.61222600937 14.5564649105 good
38 11.4117929935 18.8382930756 15.6176319122 18.4443321228 12.2717139721 good
39 16.2304739952 14.477421999 12.060863018 14.9843330383 17.1068789959 good
40 15.1834108829 13.4244599342 16.1150259972 15.9488580227 16.5442728996 good
41 20.8162181377 14.7948701382 17.213133812 15.9929170609 15.8720088005 good
42 16.7472598553 17.5954580307 19.9866511822 17.7517280579 18.0592751503 good
43 255.488481998 266.809610844 250.042474031 248.311573029 227.873964071 good
44 19.3391489983 16.6664390564 17.8144078255 18.600646019 12.5254538059 good
45 20.7090640068 20.0147178173 20.5033369064 20.6406152248 16.2322459221 good
46 7.78506994247 9.48257803917 8.91703605652 8.36306595802 8.47420692444 good
47 12.7526891232 11.3001019955 11.9228849411 10.9437859058 13.7645390034 good
48 15.5971980095 15.1053822041 15.6430268288 27.880934 19.4895350933 good
49 19.8608119488 32.3041570187 26.2934119701 29.4759180546 26.9117500782 good
50 25.4081420898 28.8765060902 28.0227310658 23.2888441086 25.6061098576 good
51 39.1771080494 35.9771270752 29.4122030735 31.0314440727 32.620595932 good
52 31.0547971725 27.7897450924 33.7755060196 30.3018500805 28.829928875 good
53 44.4046549797 42.8370850086 38.4783949852 50.0411159992 47.1069841385 good
54 32.3041460514 25.9205389023 30.3658850193 37.6117770672 35.2981090546 good
55 39.0623159409 30.724697113 35.3775341511 36.9435091019 43.8127961159 good
56 75.3985230923 85.9527950287 73.0162432194 85.6899068356 70.4599909782 good
57 37.8911540508 34.7746901512 36.0423820019 36.3684260845 37.2365159988 good
58 33.3460690975 27.3708200455 29.2809519768 33.9918129444 38.3626639843 good
59 47.1012711525 48.6306819916 57.3544168472 48.6912400723 52.6141691208 good
60 39.408301115 36.5825951099 46.4730360508 31.4851851463 25.5005979538 good
61 66.8080248833 76.5015461445 80.1927068233 76.5499458313 73.244341135 good
62 59.8120889664 62.3153469563 66.3303070068 43.7754120827 64.7076089382 good
63 26.9570989609 41.671681881 38.3334901333 33.2132880688 48.4966080189 good
64 38.9459209442 51.2138299942 47.9698431492 68.0204019547 50.3161377907 good
65 68.4261341095 114.22624588 81.1560609341 57.0041699409 54.9417557716 good
66 57.6232020855 57.0137000084 55.2501440048 55.7267348766 59.6024138927 good
67 84.9718260765 78.7001621723 83.7264938354 100.26918292 88.2292721272 good
68 143.545636892 167.297796011 95.7907469273 107.137660027 101.782966137 good
69 63.7286741734 72.7762010098 64.6856901646 64.2416679859 57.6968588829 good
70 39.7371470928 34.2612681389 46.0482890606 68.1065180302 72.8209300041 good
71 66.4759509563 74.9209809303 73.2207481861 69.2047991753 72.6937758923 good
72 68.059212923 78.6505999565 67.7387909889 59.6809539795 78.2703018188 good
73 83.7510941029 122.660766125 75.2895708084 32.668099165 39.9032828808 good
74 59.1146059036 57.5968160629 65.6386837959 55.3439888954 62.0808060169 good
75 38.4893770218 61.4519870281 36.7054681778 61.1639800072 75.3459038734 good
76 141.274091005 201.772707939 143.747102022 106.673592091 125.255299091 good
77 37.1267080307 42.2446620464 115.461444855 87.7163360119 67.0746150017 good
78 74.0026600361 49.944783926 56.392895937 81.4012482166 40.6440258026 good
79 50.1826910973 90.6890399456 89.6379687786 87.4191651344 85.3391449451 good
80 87.1849410534 82.2648899555 76.4765110016 54.0626227856 93.6277580261 good
81 122.588378906 125.988215923 130.616173983 85.9857530594 102.619457006 good
82 91.0076069832 97.8191330433 91.8203709126 94.8290410042 90.7703230381 good
83 116.374602079 193.129621029 116.375586987 82.9624028206 57.5204079151 good
84 52.6837108135 108.506657124 104.215559959 104.023605108 97.467012167 good
85 104.955258846 100.969218016 51.0169520378 68.1142449379 61.8680188656 good
86 69.3791258335 140.663378 112.643700123 58.9504418373 96.0529839993 good
87 113.427647829 93.4738359451 72.3002021313 86.5441730022 104.664721966 good
88 141.517102003 126.13094902 89.8308038712 183.477189064 214.272646904 good
89 157.713302851 87.472233057 88.4312949181 55.4997370243 69.7635810375 good
90 111.108694077 187.021507978 116.260197878 86.5190031528 92.1496071815 good
91 81.9250769615 105.741771936 140.434642076 164.15468812 148.604071856 good
92 86.0357999802 84.2911350727 88.0873439312 106.237689018 105.634049892 good
93 102.77891016 56.5228469372 106.311635971 197.761773109 226.356261969 good
94 97.6118249893 125.066706181 73.8277499676 92.0844049454 73.6917181015 good
95 117.567580938 64.1588301659 98.7371480465 82.8442559242 92.6521999836 good
96 262.805470943 258.68188405 415.015981913 420.013149977 270.168143988 good
97 163.018661022 106.507439137 148.255286932 108.515682936 71.8570270538 good
98 263.356369972 80.2145049572 91.7861421108 289.458144903 174.392829895 good
99 138.521621943 139.965435028 153.869327068 134.013665915 132.005737066 good
100 138.439325094 88.5078449249 114.689979076 135.988415003 138.064783096 good
101 141.783914089 69.9738731384 100.340464115 132.590899944 156.441267014 good
102 102.868627071 78.9387598038 84.2203469276 161.370577097 206.075860977 good
103 263.677764893 198.516065121 171.287739992 129.180233955 104.090245962 good
104 192.596575022 228.014179945 147.311259985 133.293489933 192.956552029 good
105 120.84548521 109.756333113 149.900224924 88.1620969772 199.884727001 good
106 315.98340416 350.20243907 426.592114925 227.009181023 247.047733068 good
107 442.003670931 400.144040108 645.245321989 409.169143915 529.786884069 good
108 80.216039896 78.2734880447 84.8455560207 82.282476902 78.1737549305 good
109 107.75465107 92.4379379749 98.0332920551 91.3228681087 173.015423059 good
110 123.572091103 203.731786013 159.87856698 115.218872786 155.117949963 good
111 209.734891176 286.560700893 236.271729946 242.628098965 281.945394039 good
112 398.198823214 388.193657875 321.423913002 325.68607688 519.963670015 good
113 149.699975014 98.3357300758 107.744446993 160.631844997 119.644345999 good
114 270.923066139 363.007930994 303.921926022 249.621829987 250.37195611 good
115 274.929899931 229.190433979 214.554636955 209.497337818 305.415850163 good
116 236.253868103 112.179509163 103.89686799 111.325570107 134.917542934 good
117 155.391530037 104.475033998 156.249519825 180.51264286 124.772235155 good
118 163.974389076 194.617671967 150.224704027 211.405009985 127.180027008 good
119 241.626407146 105.355615139 115.913167 117.286137819 159.817417145 good
120 173.913671017 126.203199863 145.669894218 120.066312075 115.960417986 good
121 224.615070105 418.977797985 242.857899904 239.198299885 238.511628866 good
122 254.797025919 251.637989044 251.665470839 241.39637804 245.271918058 good
123 166.065490961 160.934626102 153.605133057 156.414900064 244.71467185 good
124 278.598613977 332.046953917 283.025403023 289.262907982 117.099260807 good
125 219.645954132 201.072385073 216.297653913 209.186346054 220.480713129 good
126 153.850153923 327.579487085 368.360862017 198.502799034 140.007015944 good
127 279.600486994 123.690634012 123.473311186 128.687125921 133.291630983 good
128 169.570209026 154.139349937 268.58358717 214.341855049 141.880901098 good
129 141.432149887 132.215136051 128.738329887 136.704766989 133.828909874 good
130 255.08920598 255.115477085 397.188246965 400.116544008 336.505117893 good
131 222.563097954 167.269745111 166.188098192 163.909827948 212.180855989 good
132 225.566833973 179.191298962 188.844902992 194.903784037 232.431937933 good
133 283.611244917 244.728345156 269.51698184 272.897239923 235.003170013 good
134 224.80599308 219.296859026 209.692882061 287.397558928 205.391328812 good
135 277.853549004 276.359817028 255.84224987 274.051110029 259.144059181 good
