3 0.65372800827 0.679337978363 2.63582992554 0.741630077362 0.685136079788 0.636559963226 0.546814918518 0.581550121307 0.38604092598 0.508820056915 0.521873950958 0.718148946762 0.352005004883 0.577507019043 0.38970708847 good
4 0.461502075195 0.449654817581 0.454200983047 0.321757078171 0.477524995804 0.708126068115 0.596408128738 0.674175024033 0.434327840805 0.450011014938 0.543509960175 0.887032032013 0.43194103241 0.419949054718 0.650778055191 good
5 0.592467069626 0.354695081711 0.447551012039 0.372564077377 0.591014146805 0.428184986115 0.646878004074 0.329205989838 0.582542181015 0.575711011887 0.478212833405 0.623020887375 0.645945072174 0.422013998032 0.840018033981 good
6 0.529391050339 0.358975887299 0.577717065811 0.355959892273 0.259207010269 0.513190031052 0.538404941559 0.383205890656 0.541484117508 0.355149030685 0.4168009758 0.38720202446 0.344299793243 0.377794027328 0.344048023224 good
7 0.459915876389 0.474462985992 0.394848108292 0.330986976624 0.359894037247 0.383062124252 0.465626001358 0.87517285347 0.778952121735 0.365309000015 4.19022798538 0.537369012833 0.988679170609 0.425143003464 74.5666940212 good
8 0.545184850693 0.564755916595 0.382802963257 0.334408998489 0.533863067627 0.31196308136 0.49623298645 0.478688001633 36.6484880447 0.388093948364 0.32008099556 0.268395900726 0.291499137878 0.318763971329 0.36844086647 good
9 1.3950240612 0.722614049911 1.19290494919 0.666016101837 0.556528091431 0.455774784088 0.767894029617 1.4338247776 1.07760000229 0.636990070343 0.775950908661 1.25196290016 0.450616121292 0.387460947037 0.504745006561 good
10 0.408003091812 0.507734060287 0.398501873016 0.375053882599 0.581894159317 0.276888132095 0.667843103409 0.651772022247 0.526359081268 0.634991168976 0.478179931641 1.03381800652 0.460951089859 0.423797130585 0.424676895142 good
11 2.2007920742 1.25419211388 1.96712899208 2.93482303619 2.13307905197 2.0792620182 1.40461707115 2.40421795845 1.88297390938 1.11833500862 2.41739606857 0.762310028076 0.938073158264 1.92769789696 0.556324005127 good
12 0.73083615303 0.799338817596 0.399047136307 0.527265071869 0.618940830231 0.325965881348 0.35736989975 0.460219860077 0.385689973831 0.728921175003 0.353823900223 0.596514940262 0.762390136719 0.51761007309 0.590289115906 good
13 0.589595079422 0.887626886368 0.374037027359 0.351433038712 0.386105775833 0.343746900558 0.623290777206 1.20016503334 0.407469034195 0.461743116379 1.21566200256 0.305671930313 0.43864607811 0.42941904068 0.681561946869 good
14 0.673440933228 0.492446184158 0.68369102478 0.469545841217 0.552773952484 0.591892957687 0.522280931473 0.708580970764 0.566375017166 0.900035142899 0.485027074814 0.461915969849 0.99547290802 0.535676002502 0.475131988525 good
15 0.686326026917 0.495820999146 0.377600908279 0.333594083786 0.507342100143 0.678983926773 0.781951904297 0.54182600975 0.438141822815 0.499243021011 0.512331962585 0.408280849457 0.400843143463 0.549300909042 0.445297002792 good
16 0.40153002739 0.545712947845 0.698245048523 0.444615125656 0.704489946365 0.53764295578 0.70676112175 0.679319143295 0.56272983551 0.731220006943 0.788224935532 0.481704950333 0.466376781464 0.450796842575 0.539289951324 good
17 0.866993904114 0.40541601181 5.29889512062 0.933355093002 1.01342391968 0.961103916168 1.15900707245 0.817387104034 0.772589921951 1.13254189491 0.846720218658 0.614701032639 1.10577511787 0.540377855301 1.27283382416 good
18 1.11342191696 1.14187812805 1.38118004799 1.38556289673 1.31066608429 1.3960609436 1.43830800056 1.18919897079 1.14400720596 1.16775107384 1.52914404869 1.22382187843 1.43845295906 1.20071196556 1.72168207169 good
19 0.648938179016 0.592717885971 0.79816699028 0.661065816879 0.567476987839 0.339565992355 0.661747932434 0.37794303894 0.533625841141 0.425221920013 0.920773983002 0.531597852707 0.349841117859 0.374633073807 0.40531206131 good
20 0.53145813942 0.626163005829 1.23295998573 0.716481208801 0.587651968002 0.562873840332 0.845426797867 0.920272111893 0.500700950623 0.594123125076 0.54435300827 0.642570018768 0.689838886261 0.753010988235 1.05295300484 good
21 1.06100893021 0.768367052078 0.663509845734 0.524121999741 4.10859799385 0.702479124069 0.558024168015 0.550931215286 1.67807292938 0.776322841644 0.598994016647 0.612585067749 0.461239814758 1.17907500267 0.53541302681 good
22 0.383857965469 0.367172002792 0.449903964996 0.506022930145 0.89199590683 0.977290153503 0.392741203308 0.621093034744 0.890429973602 0.39662694931 0.584667921066 0.399616003036 0.389981031418 0.689336061478 0.524589061737 good
23 0.645467996597 0.948053836823 0.70627617836 0.654233932495 0.652988910675 0.737848043442 0.825052976608 0.501237154007 1.2361998558 0.821720123291 1.1046090126 0.618226051331 0.955476999283 0.614430904388 1.00616002083 good
24 0.387652873993 0.866282224655 0.650462150574 1.34292578697 0.613279819489 0.721391916275 0.320832967758 0.878534078598 0.653611898422 0.434505939484 0.681242227554 0.419350147247 0.478464841843 0.727961778641 0.45263504982 good
25 0.578454971313 0.98347902298 0.394351005554 0.388971805573 0.342272043228 0.423681974411 0.556988954544 1.87860798836 0.423446893692 4.94028997421 0.376689910889 0.663457155228 0.5733730793 0.733049869537 0.433229923248 good
26 0.379130125046 0.838708162308 0.371258020401 0.732529163361 0.329178094864 5.28017306328 0.379518985748 0.637786149979 5.27859902382 0.449100971222 1.66951394081 1.15696883202 1.48889493942 5.08005809784 0.824704170227 good
27 0.607162952423 0.750818967819 0.931355953217 1.14331698418 0.660279035568 0.616543054581 0.612200021744 0.677472114563 1.11667513847 0.851395130157 0.834159135818 0.907555103302 0.627388000488 0.878561973572 0.597441196442 good
28 0.404567956924 0.472374916077 0.627551078796 0.674223899841 0.597729921341 1.39538908005 0.586789131165 0.797516822815 0.619982004166 0.504452943802 0.981156826019 0.44416308403 0.38471198082 0.392060041428 0.430046081543 good
29 0.571415185928 0.663818836212 0.414290189743 0.532958984375 0.48569893837 0.687304019928 1.59759902954 5.23660993576 0.517708063126 0.448971986771 0.502517938614 0.377598047256 0.53705406189 0.751837968826 0.404011011124 good
30 0.694165945053 0.942013025284 0.626363039017 0.786333084106 0.524299860001 0.646554946899 0.726686954498 1.01988196373 0.693062067032 0.696305036545 0.69834113121 0.588065862656 0.968014955521 0.708812236786 0.856402873993 good
31 0.626000881195 0.7740650177 0.691536188126 0.670615911484 0.89780497551 0.417927980423 2.24817204475 1.41427898407 0.533920049667 0.637769937515 0.695118904114 0.61194396019 1.18190193176 0.780575037003 1.0190038681 good
32 0.425584077835 0.560136795044 0.733021974564 0.399141073227 0.438315153122 0.637588977814 0.436424016953 0.393079042435 0.423401117325 0.39441204071 0.574862957001 0.73065495491 0.382638931274 1.00197196007 1.24123883247 good
33 2.51682519913 0.670503139496 3.31718492508 1.34832692146 0.425742149353 0.711218833923 1.2106180191 1.4921848774 1.19734406471 0.620800018311 0.90255689621 0.571979999542 0.94150686264 0.619235992432 1.13914489746 good
34 0.77156496048 1.66710710526 0.889669179916 1.61654186249 1.76907801628 1.66302394867 0.805889129639 2.03404784203 1.97607898712 1.82295799255 1.31243896484 0.71261882782 2.0423810482 2.59671187401 1.6361811161 good
35 0.673882007599 0.524919986725 0.445534944534 0.635718107224 1.14636492729 0.86196398735 1.34486508369 0.606450796127 0.472688913345 0.989545106888 0.790045022964 0.797654151917 0.636881113052 0.517735004425 0.862396001816 good
36 1.63872909546 1.46397995949 1.49142813683 1.30482602119 2.04210186005 0.944778203964 0.668409824371 0.462419033051 1.44900083542 1.51635408401 1.45856881142 1.5802989006 1.74554014206 1.64552402496 1.47235608101 good
37 0.614693880081 1.2191131115 1.35154891014 0.83681678772 1.32412791252 0.512963056564 1.21790194511 0.889084100723 0.856846094131 0.776923894882 1.97872400284 1.28239011765 0.626087188721 1.08759093285 0.952144145966 good
38 16.5490019321 0.470976829529 3.42787694931 0.824449062347 0.550809860229 0.558099985123 1.85399198532 0.488677024841 0.884491205215 0.53387594223 0.993057012558 46712.9935129 0.937880039215 0.986923933029 0.753550052643 good
39 0.820494890213 0.831824064255 0.720715999603 0.980973958969 0.931704998016 0.845391988754 0.682255983353 0.420608997345 0.815851926804 0.604255199432 0.473394155502 0.609471797943 1.58753108978 0.483527183533 0.789638996124 good
40 0.785382032394 0.570987939835 0.781322956085 0.749858140945 0.978062868118 0.547627925873 0.832160949707 0.575042963028 0.600296974182 0.62713098526 0.567559957504 0.554440021515 1.09564900398 0.798815011978 0.671807050705 good
41 1.35604310036 1.04009890556 0.672158956528 0.667973041534 0.956254005432 1.13382387161 0.985302209854 0.71496796608 0.64269900322 0.702033042908 1.28219985962 0.699136018753 1.2833878994 1.25648093224 1.18658995628 good
42 1.38696098328 1.31452393532 1.46054506302 1.56678509712 1.33577489853 1.44768691063 1.32611298561 35.4852690697 1.18927383423 1.62574100494 1.33999300003 1.39858412743 1.13860797882 1.19901490211 1.38390684128 good
43 3.99214792252 0.78771686554 0.653822898865 1.03078007698 0.725320100784 5.33219814301 0.725461959839 0.658913850784 1.0781519413 0.819562911987 4.21584105492 0.642215967178 0.667462110519 3.94286417961 4.53120398521 good
44 0.705761909485 0.470442056656 0.98371887207 0.536467075348 0.526968955994 0.441648960114 1.07365608215 2.04642891884 0.600442886353 1.08037805557 0.608829021454 0.557510852814 1.61752414703 0.709654808044 0.651391029358 good
