2 0.132301807404 0.284883022308 0.21160697937 0.142685890198 0.128203868866 good
3 0.389362096786 0.247784137726 0.253533124924 0.269937038422 0.210566997528 good
4 0.213901996613 0.239196062088 0.204059123993 0.203458070755 0.210521936417 good
5 0.25364613533 0.276139974594 0.246028900146 0.328169107437 0.400903940201 good
6 0.324486970901 0.364145994186 0.508291006088 0.420257091522 0.396910905838 good
7 0.965120077133 0.869081020355 1.19240403175 1.26076197624 0.727767944336 good
8 0.62904381752 0.605905056 0.699537992477 0.618257045746 0.47881603241 good
9 1.26560902596 0.752575874329 1.61135792732 0.668128967285 1.29534912109 good
10 1.41494703293 0.837949037552 0.894750118256 1.9308052063 2.1988132 good
11 0.42293381691 0.405454158783 0.617576122284 0.419263124466 0.952305793762 good
12 0.9866771698 0.890233039856 0.470055818558 1.26874899864 1.20740509033 good
13 1.19061303139 1.01304006577 1.70906496048 1.24890017509 1.05078887939 good
14 1.39788198471 1.7534930706 1.70640087128 1.71374082565 1.59274697304 good
15 1.53376889229 2.00170397758 1.54340600967 0.726569890976 1.45975589752 good
16 1.99810600281 2.19677805901 1.89320993423 1.87010788918 2.03227686882 good
17 2.78334593773 3.60279488564 3.56533312798 3.64688301086 3.06113791466 good
18 3.5339050293 2.45349407196 2.6538040638 2.84478020668 3.12543487549 good
19 3.04759383202 2.78299689293 3.22987914085 3.24906587601 4.68883109093 good
20 4.30763411522 4.34277796745 4.55861902237 3.95133590698 3.81833600998 good
21 8.77615213394 7.49754595757 7.21357584 8.00300788879 8.34207391739 good
22 6.75110197067 8.69365811348 5.54547286034 5.58434987068 6.52546000481 good
23 8.77824997902 7.40707206726 8.21471500397 7.99776601791 8.68128705025 good
24 5.90920090675 3.82002711296 4.62948894501 6.95116209984 5.81521320343 good
25 4.91071796417 8.40644884109 5.59111213684 4.84076499939 8.391685009 good
26 9.14725995064 8.58881902695 9.60351085663 8.84473609924 5.35975885391 good
27 6.36766910553 6.96545505524 8.26236605644 6.71713495255 6.8384270668 good
28 14.8715429306 11.9864931107 10.3955769539 11.5625598431 10.7037348747 good
29 4.64877891541 6.94743084908 8.86155104637 7.00824594498 7.66353797913 good
30 6.79264807701 10.3590230942 7.85820102692 9.35166406631 10.2658009529 good
31 8.86511588097 8.23772406578 6.99592208862 7.24610209465 8.30264401436 good
32 9.04237484932 7.72883987427 11.3418560028 11.7432379723 8.06589198112 good
33 19.7007241249 19.1835999489 21.15493083 18.9940328598 18.4716639519 good
34 9.77524185181 13.6979568005 10.0526511669 13.6411631107 14.3770470619 good
35 12.8822491169 9.82265901566 12.3696260452 11.4792392254 15.3581459522 good
36 11.0821540356 11.4132299423 16.0724880695 10.7201700211 14.4011061192 good
37 15.2226498127 10.516092062 8.89246797562 19.2747619152 11.9608969688 good
38 13.2523789406 16.7406840324 12.4768769741 16.0587220192 9.7475631237 good
39 18.3484950066 17.9573819637 15.0609741211 14.1498949528 15.7051520348 good
40 20.5088841915 16.1504228115 16.3416140079 13.8541748524 13.0494439602 good
41 16.4748749733 22.1719861031 18.7287509441 21.5129978657 16.7873430252 good
42 19.0652740002 15.0677330494 20.9126400948 17.3667860031 16.0856950283 good
43 264.981844902 266.138375998 269.884235144 235.187355995 258.590128899 good
44 10.6069409847 10.9204900265 10.8095860481 10.5636689663 11.7645940781 good
45 20.7713930607 23.4838709831 20.6911900043 20.5730009079 22.477640152 good
46 11.3540050983 11.2194759846 11.3039600849 11.2890048027 11.2401111126 good
47 15.6179847717 15.8110470772 23.0205321312 32.3645219803 12.2031259537 good
48 7.89157605171 16.1176059246 19.462168932 20.4604578018 21.4160590172 good
49 20.458548069 24.655875206 25.1026620865 24.9320809841 25.7240259647 good
50 26.9961960316 25.8683781624 21.9662401676 26.952737093 33.7807309628 good
51 22.2371981144 44.6733751297 34.3696219921 45.5467488766 47.3794608116 good
52 37.8903138638 32.4610319138 29.1692278385 29.0779790878 35.5322880745 good
53 48.4795620441 52.0856530666 49.0586838722 40.5900769234 41.0246658325 good
54 28.748716116 26.4332997799 36.3144178391 34.9235680103 30.8279829025 good
55 28.0857260227 33.9474630356 34.1485309601 30.4460821152 36.3043420315 good
56 72.0909359455 80.3149240017 72.3405339718 79.2074649334 75.7276530266 good
57 31.2577631474 34.4486839771 35.8763349056 39.0675930977 34.6232960224 good
58 37.6382889748 28.3001241684 37.9245419502 34.9182569981 42.2141368389 good
59 54.825302124 51.5005691051 53.7393000126 57.9134202003 34.7526957989 good
60 26.2008631229 43.032558918 43.4855370522 42.6684648991 38.5801599026 good
61 94.2363259792 75.2593579292 77.6901750565 75.7367269993 74.3414881229 good
62 64.943762064 42.6860740185 58.3950400352 54.0581111908 67.444425106 good
63 41.1484959126 53.8509550095 49.0759088993 51.1419570446 53.3993358612 good
64 55.856402874 56.8985280991 91.9497971535 54.5632309914 53.8690059185 good
65 54.6275551319 53.2148301601 54.1895549297 55.3642940521 54.709510088 good
66 58.2335431576 56.2797839642 59.0293970108 50.5531749725 57.0926749706 good
67 155.068650007 65.8079748154 70.7124118805 63.2867770195 67.141076088 good
68 85.0047721863 91.1577699184 86.7928769588 85.4202740192 67.294770956 good
69 85.9203848839 90.038659811 114.839432001 122.749475002 80.0911579132 good
70 47.1715650558 92.4929709435 122.452491045 70.2809660435 65.0246601105 good
71 66.7431228161 66.6545689106 66.858948946 86.3447160721 54.2397091389 good
72 34.9453561306 34.6020820141 28.9720540047 38.0273799896 63.5573749542 good
73 32.4777319431 32.3525300026 46.7934858799 67.3298521042 66.8593058586 good
74 48.1153130531 53.3953180313 62.1368598938 52.5065879822 54.2372889519 good
75 45.1507270336 65.3225960732 47.9954621792 65.847807169 71.4054589272 good
76 171.047660828 142.910466909 141.597751856 212.624346972 147.856932878 good
77 69.4879369736 67.9255068302 77.1821389198 133.276352882 145.553514004 good
78 151.669878006 165.99299407 79.401154995 58.6753978729 73.2413539886 good
79 48.8484768867 68.5648708344 57.1998479366 57.8456590176 68.2929589748 good
80 77.0502820015 76.9012901783 80.434305191 79.8718099594 62.2548551559 good
81 109.270401001 108.255147934 60.2059919834 69.4855339527 111.89371109 good
82 47.3517820835 92.9818749428 103.488544941 93.2252500057 92.3110880852 good
83 102.521536112 97.0409960747 96.8937549591 94.8154318333 95.4347970486 good
84 107.522015095 98.994781971 98.793669939 99.6815760136 98.7182681561 good
