1 0.056963
2 0.056905
3 0.059330
4 0.059807
5 0.064669
6 0.069317
7 0.063868
8 0.109994
9 0.063109
10 0.067329
11 0.068169
12 0.068748
13 0.066459
14 0.076254
15 0.068126
16 0.070967
17 0.069719
18 0.073272
19 0.073180
20 0.090425
21 0.073840
22 0.096503
23 0.076258
24 0.078704
25 0.074186
26 0.079477
27 0.084641
28 0.082899
29 0.083762
30 0.091122
31 0.111805
32 0.102434
33 0.109916
34 0.638089
35 0.085396
36 0.121542
37 0.113688
38 0.095149
39 0.097173
40 0.117500
41 0.094500
42 0.107475
43 0.115275
44 0.104525
45 0.143201
46 0.125828
47 0.145290
48 0.167706
49 0.113359
50 0.110019
51 0.166119
52 0.188448
53 0.128479
54 0.113227
55 0.168858
56 0.141238
57 0.152230
58 0.082551
59 0.138360
60 0.209317
61 0.084341
62 0.151791
63 0.164425
64 0.212972
65 0.143226
66 0.162047
67 0.116323
68 0.100076
69 0.093926
70 0.091566
71 0.116002
72 0.183276
73 0.100012
74 0.124266
75 0.123867
76 0.386418
77 0.137992
78 0.099271
79 0.116298
80 0.113423
81 0.177416
82 0.174391
83 0.116961
84 0.127968
85 0.282765
86 0.138016
87 0.123122
88 0.214646
89 0.341522
90 0.187396
91 0.114078
92 0.118912
93 0.115112
94 0.169308
95 0.119487
96 0.114884
97 0.162769
98 0.118953
99 0.134694
100 0.267006
101 0.268071
102 0.129474
103 0.134639
104 0.719466
105 0.140370
106 0.139470
107 0.157129
108 0.139618
109 0.275561
110 0.244350
111 0.141478
112 0.159019
113 0.676234
114 0.143582
115 0.162754
116 0.286529
117 0.173153
118 0.328681
119 0.177209
120 0.169264
121 0.210681
122 0.180758
123 0.243435
124 0.177881
125 0.363045
126 0.404671
127 0.170137
128 0.554985
129 0.188461
130 0.363428
131 0.195118
132 0.356836
133 0.204026
134 0.188954
135 0.186973
136 0.212525
137 0.201195
138 0.184743
139 0.198786
140 0.214040
141 0.403511
142 0.228051
143 0.205797
144 0.541164
145 0.201270
146 0.439585
147 0.230869
148 0.498349
149 0.257385
150 0.251106
151 0.262229
152 0.466256
153 0.231451
154 0.241447
155 0.254659
156 0.235329
157 0.233927
158 0.238843
159 0.826977
160 0.251235
161 0.531461
162 0.281981
163 0.530028
164 0.284451
165 0.281273
166 0.368732
167 0.619369
168 0.272219
169 0.294003
170 0.934323
171 0.271093
172 0.319610
173 0.576260
174 0.303978
175 0.286980
176 0.598774
177 0.294422
178 0.296544
179 0.332908
180 0.515068
181 0.321223
182 0.336555
183 0.327895
184 0.581946
185 0.353641
186 0.338710
187 0.681389
188 0.682845
189 0.342015
190 0.407456
191 0.373745
192 0.374980
193 0.364271
194 0.376728
195 0.719353
196 0.625519
197 1.572749
198 0.372749
199 0.424813
200 0.380044
201 0.497108
202 0.391546
203 0.399087
204 0.406401
205 0.402089
206 0.859043
207 0.789742
208 0.416953
209 0.821300
210 0.844287
211 0.443439
212 0.473168
213 0.570928
214 0.923969
215 0.728771
216 0.475261
217 0.459867
218 0.652294
219 0.522222
220 0.571523
221 0.510101
222 0.503861
223 0.501930
224 0.518718
225 0.502688
226 0.519599
227 1.416925
228 0.535877
229 1.316181
230 0.538017
231 0.535672
232 0.972409
233 0.627611
234 0.565167
235 0.570176
236 0.576521
237 0.596716
238 0.579152
239 0.565716
240 0.580954
241 0.662063
242 0.618261
243 0.663371
244 0.639095
245 0.628963
246 0.611761
247 0.969901
248 0.672548
249 0.628072
250 0.649155
251 0.641541
252 1.524854
253 0.727984
254 0.699756
255 1.767892
256 1.270659
257 1.383383
258 0.685128
259 0.702715
260 0.717520
261 0.725357
262 0.734388
263 0.747026
264 0.777446
265 0.794393
266 0.771739
267 1.398392
268 0.833558
269 0.772725
270 1.525337
271 0.788278
272 1.220645
273 0.836208
274 0.830559
275 0.803528
276 0.856968
277 4.034473
278 0.830433
279 0.859124
280 0.893705
281 0.880889
282 0.869355
283 0.867266
284 0.942801
285 1.534455
286 0.914490
287 1.201342
288 0.904113
289 1.244429
290 0.978377
291 0.954052
292 1.216595
293 0.981443
294 1.213130
295 0.981730
296 0.980142
297 1.012801
298 1.002635
299 1.022724
300 1.022589
301 2.235175
302 1.037651
303 1.039281
304 1.075621
305 1.050533
306 1.070268
307 1.080605
308 1.136269
309 1.660178
310 1.142120
311 1.084238
312 1.118990
313 1.129606
314 1.157298
315 1.175598
316 1.148586
317 2.027544
318 1.170476
319 1.195358
320 2.387590
321 1.209262
322 1.203005
323 1.296116
324 1.226210
325 1.545663
326 2.346255
327 2.344810
328 1.285732
329 1.631828
330 1.278144
331 1.279827
332 1.312687
333 1.319878
334 2.571778
335 2.860452
336 1.363933
337 9.003168
338 1.368021
339 1.385403
340 1.385220
341 1.399737
342 1.429099
343 2.654018
344 1.444515
345 1.466570
346 1.453118
347 1.484912
348 1.998189
349 1.487204
350 1.525988
351 1.531194
352 1.882890
353 2.044130
354 1.615727
355 1.849931
356 2.282839
357 1.615797
358 1.581783
359 1.643374
360 1.613536
361 1.634324
362 1.652083
363 1.634305
364 1.660100
365 1.845308
366 1.733766
367 1.696333
368 1.717423
369 1.745740
370 2.422211
371 1.769761
372 4.244178
373 3.126037
374 2.359136
375 1.810400
376 1.862369
377 1.949472
378 1.820409
379 1.858297
380 1.910260
381 3.321465
382 1.888780
383 1.940433
384 1.920046
385 1.966477
386 1.987113
387 1.993824
388 1.997365
389 1.976829
390 2.040987
391 2.034483
392 2.019936
393 2.067133
394 2.216163
395 3.599437
396 2.134121
397 2.118019
398 2.158745
399 2.123934
400 2.166575
401 2.159861
402 2.201170
403 2.213085
404 3.673625
405 4.437850
406 3.908778
407 2.330327
408 2.933432
409 4.436124
410 2.305800
411 2.315809
412 2.358375
413 2.375955
414 2.461074
415 2.409112
416 2.382727
417 2.395473
418 2.404448
419 2.427392
420 4.044638
421 6.216298
422 2.526069
423 2.501243
424 2.532900
425 2.557548
426 2.572135
427 4.950166
428 2.595248
429 2.625092
430 2.653638
431 5.379699
432 2.654354
433 2.682238
434 3.070516
435 2.693580
436 2.919267
437 2.749495
438 2.774749
439 2.964488
440 2.817769
441 5.070724
442 2.833090
443 2.839493
444 2.879622
445 5.590812
446 3.046770
447 5.712337
448 3.080630
449 2.944103
450 6.714185
451 2.995851
452 3.015854
453 3.016574
454 5.969847
455 3.022098
456 3.149459
457 3.243395
458 3.129477
459 3.192394
460 3.192118
461 4.367840
462 3.237885
463 11.469794
464 3.266026
465 5.923703
466 3.271798
467 3.284873
468 20.413377
469 3.332309
470 6.347052
471 3.445791
472 6.227634
473 3.425762
474 6.510183
475 3.489973
476 3.472784
477 3.519665
478 4.635042
479 3.600083
480 3.573469
481 6.694680
482 3.660321
483 3.675236
484 3.644973
485 3.682486
486 3.690990
487 8.759303
488 3.733370
489 3.758675
490 5.768104
491 13.366710
492 7.287054
493 3.861657
494 7.000749
495 5.664862
496 3.945971
497 3.975551
498 3.951746
499 4.039074
500 3.970396
501 4.069132
502 4.093700
503 4.087308
504 4.089577
505 4.098662
506 5.815804
507 4.236331
508 4.213791
509 4.789351
510 5.979513
511 4.259382
512 4.370016
513 4.344776
514 4.346275
515 4.464802
516 7.076275
517 4.423100
518 4.439626
519 8.430510
520 4.512468
521 5.653188
522 4.487849
523 4.705722
524 4.547634
525 4.641851
526 4.644564
527 4.808807
528 8.316611
529 4.772226
530 4.727525
531 4.848329
532 4.787875
533 8.393697
534 2546.981786
535 4.943263
536 4.850664
537 6.182348
538 5.044319
539 5.039149
540 5.049076
541 4.955571
542 5.027934
543 5.141909
544 5.110153
545 5.197059
546 5.255722
547 11.056148
548 5.332913
549 5.395719
550 5.261400
551 5.285717
552 5.370292
553 5.888225
554 5.499077
555 5.381442
556 5.452794
557 5.453868
558 13.450565
559 5.573130
560 5.614553
561 7.032414
562 7.049713
563 9.148365
564 5.720497
565 5.715702
566 5.667725
567 5.748536
568 5.857755
569 5.903358
570 10.470817
571 6.059401
572 5.915163
573 5.923966
574 6.651916
575 5.941967
576 6.022056
577 7.382984
578 6.206652
579 6.188760
580 6.261806
581 6.261950
582 6.231653
583 6.223350
584 6.242142
585 6.313705
586 10.662545
587 6.413400
588 6.469059
589 6.434517
590 6.582597
591 6.618302
592 6.642735
593 6.467905
594 9.149640
595 6.629624
596 6.586212
597 11.702238
598 6.659902
599 6.764347
600 11.995059
601 14.252814
602 6.826628
603 6.821030
604 6.950629
605 7.058170
606 6.906931
607 6.977841
608 7.213325
609 7.183554
610 7.270483
611 7.858322
612 7.447958
613 7.297172
614 7.191647
615 7.347209
616 7.318494
617 7.322662
618 7.771195
619 25.433389
620 7.463113
621 8.820626
622 7.978759
623 7.510146
624 7.583387
625 7.866692
626 7.738889
627 8.893346
628 7.781180
629 7.827854
630 7.853269
631 7.811860
632 14.142781
633 7.990139
634 7.909224
635 8.156395
636 29.533783
637 17.833466
638 9.412469
639 8.462651
640 17.613809
641 17.508186
642 8.450331
643 8.669915
644 15.188238
645 8.489863
646 18.477825
647 8.512610
648 8.579035
649 8.500879
650 8.622831
651 8.613876
652 8.585591
653 18.140113
654 9.290971
655 8.610972
656 8.832698
657 8.834196
658 8.829704
659 9.066233
660 9.317188
661 9.192630
662 9.058502
663 9.097020
664 12.716583
665 9.183471
666 9.380732
667 9.194555
668 9.420198
669 9.560919
670 9.518364
671 9.473588
672 10.563473
673 16.475273
674 19.186851
675 9.676315
676 20.776261
677 9.707174
678 9.979354
679 22.322356
680 9.955883
681 9.811803
682 9.775900
683 10.416433
684 9.936418
685 10.011111
686 10.180129
687 10.264123
688 10.878934
689 21.544574
690 10.395461
691 10.113761
692 10.379611
693 22.631767
694 22.449450
695 10.355946
696 10.335198
697 10.659180
698 11.716292
699 10.907558
700 11.158941
701 10.620743
702 22.716897
703 10.945373
704 11.116252
705 11.697367
706 23.534666
707 11.429283
708 11.157424
709 11.445361
710 11.445731
711 24.716738
712 11.395003
713 22.721343
714 11.313319
715 11.133976
716 11.596967
717 11.368667
718 12.991090
719 22.812702
720 11.533393
721 11.847792
722 12.109428
723 11.954286
724 26.088217
725 41.452363
726 12.328368
727 25.887869
728 12.529220
729 12.010524
730 12.367186
731 12.227722
732 12.271023
733 12.529777
734 12.873931
735 14.262909
736 12.566516
737 25.938259
738 26.153013
739 12.657816
740 12.895793
741 12.755528
742 12.583458
743 27.285281
744 12.898763
745 27.704208
746 13.607345
747 27.467548
748 13.041204
749 13.624687
750 12.995146
751 13.597502
752 13.344404
753 28.931510
754 13.372455
755 13.723891
756 14.750799
757 25.968005
758 14.999643
759 13.569299
760 13.962454
761 13.770506
762 13.864146
763 14.129882
764 14.043212
765 13.942505
766 14.096471
767 14.071290
768 14.245007
769 14.182562
770 15.056874
771 14.246544
772 14.214550
773 26.700662
774 29.944420
775 26.779105
776 29.469954
777 26.041054
778 14.831588
779 15.330355
780 14.769590
781 15.291223
782 15.082501
783 43.429432
784 15.433801
785 14.890249
786 15.500689
787 15.357902
788 15.281191
789 15.557931
790 20.122298
791 15.751587
792 15.917312
793 15.797296
794 15.622250
795 31.381392
796 15.814375
797 33.590127
798 16.017543
799 16.202822
800 16.428727
801 16.166925
802 16.107130
803 34.662098
804 16.083211
805 29.895584
806 23.170866
807 16.715688
808 16.566316
809 16.898040
810 16.842402
811 16.714396
812 16.861269
813 16.743120
814 27.548231
815 23.122210
816 16.964378
817 34.489765
818 50.162468
819 37.040202
820 35.859028
821 29.734541
822 19.259307
823 20.308199
824 17.370529
825 17.923722
826 17.795250
827 17.906869
828 34.847235
829 18.007484
830 18.250902
831 41.533467
832 18.111331
833 18.073359
834 35.273910
835 68.078790
836 38.341437
837 18.612229
838 18.292211
839 18.445748
840 18.650268
841 18.753888
842 18.783912
843 19.266927
844 18.663667
845 28.433633
846 19.142023
847 32.450552
848 20.140089
849 22.647735
850 19.902452
851 19.300791
852 19.445109
853 19.395075
854 26.833913
855 19.827436
856 42.300391
857 40.778565
858 19.851453
859 19.940773
860 31.958733
861 20.199889
862 20.450917
863 20.067417
864 26.371824
865 183.275435
866 20.621225
867 26.341540
868 20.739944
869 20.747300
870 20.957565
871 20.741199
872 20.821144
873 20.954584
874 35.911163
875 21.157594
876 40.751771
877 28.680837
878 21.848272
879 21.195929
880 21.347736
881 21.430951
882 43.404927
883 39.893793
884 23.361936
885 28.792497
886 22.034701
887 22.228118
888 22.131104
889 22.151666
890 22.205675
891 22.317760
892 23.201295
893 22.535722
894 22.487702
895 25.235838
896 22.680316
897 22.886733
898 47.535190
899 22.739698
900 42.969123
901 23.124630
902 42.882574
903 23.694025
904 38.207899
905 23.530182
906 23.498985
907 23.264907
908 23.478558
909 38.803955
910 46.471350
911 23.676381
912 23.888762
913 24.292641
914 25.485722
915 50.496446
916 50.675882
917 24.013054
918 24.456896
919 24.158946
920 24.271654
921 41.830290
922 24.713895
923 25.197929
924 52.451683
925 32.837840
926 25.618268
927 24.750777
928 25.064434
929 25.508839
930 46.905306
931 25.512389
932 25.761036
933 25.638643
934 25.641901
935 25.817042
936 26.029119
937 84.476776
938 54.196034
939 25.928645
940 26.211932
941 26.325629
942 26.781935
943 26.806277
944 70.359110
945 63.763090
946 26.903469
947 27.132455
948 27.163130
949 46.309753
950 27.289890
951 35.610058
952 26.940948
953 27.043028
954 27.436675
955 35.770369
956 29.203422
957 32.687333
958 27.973202
959 103.746169
960 55.263585
961 27.736168
962 28.314162
963 43.479894
964 48.680825
965 58.788013
966 28.369461
967 57.790664
968 28.293516
969 29.044358
970 28.786452
971 28.868600
972 61.933317
973 29.770943
974 28.898257
975 29.125466
976 29.158221
977 29.424437
978 29.604382
979 35.068991
980 30.128678
981 34.956144
982 29.743393
983 30.038642
984 34.236322
985 29.874609
986 29.899695
987 41.385958
988 30.117897
989 30.351983
990 75.548305
991 30.903564
992 44.515246
993 30.752222
994 31.586958
995 30.781824
996 55.770989
997 31.247844
998 31.458287
999 31.175796
1000 31.586354
1001 42.878995
1002 31.902808
1003 221.892014
1004 40.779600
1005 31.911796
1006 32.040529
1007 62.935831
1008 32.288377
1009 67.900045
1010 32.776479
1011 32.648730
1012 32.255496
1013 33.235179
1014 33.238429
1015 33.729186
1016 33.131222
1017 44.536174
1018 33.121616
1019 33.761942
1020 71.362693
1021 34.582912
1022 33.675460
1023 43.104802
1024 42.742027
1025 100.225491
1026 39.725967
1027 53.493433
1028 34.225581
1029 34.638524
1030 38.231774
1031 35.216305
1032 34.508478
1033 34.518483
1034 75.251768
1035 34.959416
1036 35.036051
1037 34.634444
1038 69.800372
1039 35.561966
1040 35.586854
1041 45.336626
1042 65.172846
1043 35.869541
1044 207.279001
1045 94.403765
1046 36.870519
1047 48.324154
1048 65.638638
1049 36.677457
1050 36.257222
1051 76.799736
1052 36.743497
1053 38.018100
1054 37.433997
1055 37.125234
1056 37.054738
1057 47.635384
1058 82.427972
1059 37.254267
1060 38.023113
1061 37.788606
1062 38.008148
1063 38.191106
1064 37.715933
1065 87.590776
1066 38.107582
1067 158.124841
1068 38.091493
1069 38.573248
1070 39.780044
1071 39.129449
1072 39.517832
1073 39.075857
1074 39.409402
1075 39.841414
1076 81.259745
1077 40.119351
1078 39.438120
1079 40.210684
1080 42.519650
1081 39.509979
1082 42.615240
1083 81.330756
1084 89.342560
1085 40.395531
1086 81.829622
1087 40.803687
1088 40.982632
1089 41.544619
1090 41.389664
1091 40.773428
1092 47.631766
1093 85.955414
1094 87.274648
1095 48.527557
1096 41.734641
1097 42.158686
1098 47.983308
1099 41.972272
1100 42.307069
1101 42.043410
1102 42.310111
1103 42.686572
1104 42.268593
1105 83.931456
1106 42.720592
1107 69.335303
1108 43.050858
1109 43.379892
1110 43.666434
1111 43.326263
1112 89.734652
1113 43.471934
1114 43.971140
1115 43.373188
1116 62.412012
1117 47.488559
1118 44.402227
1119 44.412753
1120 51.387067
1121 44.283927
1122 86.756522
1123 44.950051
1124 91.673227
1125 44.466534
1126 50.893830
1127 45.833753
1128 44.656976
1129 45.951639
1130 94.769701
1131 45.626903
1132 45.771379
1133 48.330809
1134 46.088458
1135 46.156861
1136 45.966260
1137 46.203846
1138 46.008537
1139 95.987094
1140 84.507863
1141 47.154883
1142 47.650750
1143 87.916574
1144 47.209903
1145 136.169050
1146 48.115641
1147 47.486074
1148 48.170483
1149 91.622947
1150 98.864025
1151 47.572808
1152 48.948147
1153 48.189744
1154 48.851473
1155 113.062054
1156 96.296861
1157 49.374744
1158 48.910488
1159 99.099731
1160 49.190068
1161 88.684612
1162 53.478834
1163 49.810782
1164 76.172624
1165 102.430434
1166 49.400523
1167 59.693116
1168 50.105466
1169 50.432011
1170 112.166810
1171 116.305686
1172 50.643668
1173 50.480697
1174 50.927258
1175 51.472455
1176 51.407022
1177 51.199111
1178 51.895640
1179 87.791713
1180 98.310112
1181 107.059767
1182 184.891452
1183 52.582561
1184 52.754145
1185 51.895232
1186 97.656139
1187 52.790892
1188 52.512436
1189 53.499705
1190 53.475864
1191 52.773924
1192 56.621483
1193 53.570122
1194 201.973930
1195 53.842716
1196 53.732235
1197 53.974398
1198 108.228043
1199 54.819869
1200 54.287043
1201 55.013370
1202 54.872481
1203 121.019089
1204 54.984926
1205 55.239406
1206 55.502181
1207 55.107440
1208 56.703876
1209 56.140793
1210 56.174922
1211 56.366171
1212 56.135014
1213 56.471505
1214 55.858833
1215 56.477851
1216 56.449497
1217 57.060125
1218 56.524514
1219 57.675728
1220 166.017101
1221 57.612325
1222 59.534720
1223 57.476476
1224 57.872568
1225 57.471352
1226 120.461181
1227 116.260591
1228 59.114785
1229 58.618921
1230 58.874937
1231 145.784626
1232 328.098892
1233 65.380145
1234 60.724038
1235 125.063045
1236 60.299511
1237 63.334112
1238 60.883761
1239 60.175928
1240 60.124785
1241 59.861765
1242 102.224687
1243 60.110672
1244 60.401898
1245 62.024120
1246 62.704432
1247 61.527740
1248 61.994315
1249 61.658789
1250 61.298366
1251 127.430304
1252 61.554216
1253 61.842041
1254 129.338897
1255 62.775406
1256 125.015080
1257 113.227211
1258 69.386135
1259 63.378192
1260 63.058731
1261 228.610000
1262 109.313806
1263 64.042125
1264 64.219547
1265 64.957283
1266 71.135385
1267 65.246574
1268 64.705494
1269 64.586773
1270 124.827019
1271 66.062518
1272 66.434610
1273 65.387416
1274 233.222828
1275 108.391114
1276 212.017819
1277 66.381503
1278 66.375524
1279 66.443963
1280 66.930920
1281 66.039013
1282 66.787647
1283 67.116517
1284 67.178471
1285 67.166645
1286 143.434259
1287 129.017744
1288 137.101608
1289 67.378679
1290 77.391373
1291 147.419533
1292 68.369927
1293 68.959968
1294 109.300615
1295 69.644249
1296 68.175646
1297 69.595573
1298 71.822532
1299 120.498643
1300 98.761902
1301 69.411469
1302 70.934420
1303 70.590778
1304 70.774468
1305 69.988301
1306 126.752427
1307 69.922572
1308 70.425197
1309 83.643516
1310 71.205913
1311 71.355258
1312 71.545159
1313 118.057243
1314 82.698662
1315 70.731356
1316 97.209488
1317 72.189869
1318 73.976753
1319 72.675042
1320 72.674047
1321 72.861485
1322 73.342446
1323 72.997909
1324 133.743798
1325 73.871613
1326 74.169871
1327 74.472566
1328 75.463996
1329 78.491712
1330 77.889262
1331 127.603919
1332 74.030214
1333 81.627742
1334 80.591761
1335 75.023468
1336 75.838261
1337 136.060633
1338 77.159259
1339 133.508130
1340 76.122223
1341 77.625925
1342 77.160938
1343 76.249198
1344 159.561077
1345 77.064955
1346 143.530355
1347 78.054831
1348 141.756782
1349 78.535043
1350 82.460724
1351 141.475903
1352 78.855444
1353 84.414629
1354 79.459382
1355 79.548542
1356 80.765620
1357 79.188620
1358 81.095000
1359 80.515473
1360 80.010207
1361 80.347006
1362 133.220065
1363 80.161187
1364 81.063626
1365 164.187076
1366 82.036069
1367 81.977906
1368 157.371992
1369 80.655898
1370 134.277124
1371 173.602036
1372 83.161534
1373 170.239753
1374 83.653250
1375 170.346903
1376 84.054619
1377 84.641436
1378 102.937366
1379 86.954519
1380 150.483013
1381 84.392808
1382 154.244127
1383 169.473899
1384 180.007530
1385 84.191977
1386 95.859905
1387 85.487503
1388 85.382505
1389 87.045765
1390 85.982017
1391 87.125637
1392 151.604946
1393 86.874804
1394 86.758403
1395 86.663752
1396 99.684803
1397 136.897126
1398 87.177519
1399 141.349564
1400 89.288124
1401 88.503213
1402 191.163049
1403 179.338100
1404 113.907951
1405 89.547075
1406 186.476509
1407 157.486104
1408 135.802381
1409 89.884749
1410 89.655211
1411 158.359387
1412 168.706373
1413 104.719326
1414 184.978462
1415 91.955809
1416 91.876206
1417 170.229912
1418 92.656336
1419 89.580124
1420 204.535411
1421 188.584131
1422 157.100321
1423 92.626555
1424 109.030984
1425 93.567067
1426 164.360251
1427 92.491524
1428 106.282800
1429 157.016573
1430 94.607293
1431 93.917897
1432 94.648623
1433 93.981686
1434 159.595008
1435 95.165505
1436 96.206298
1437 94.111429
1438 171.481563
1439 96.550816
1440 96.105703
1441 109.602740
1442 181.539906
1443 97.049392
1444 97.568770
1445 96.864005
1446 97.333619
1447 96.321726
1448 97.035972
1449 96.239031
1450 99.686787
1451 98.422800
1452 172.232510
1453 98.174982
1454 98.327425
1455 202.231515
1456 99.376108
1457 98.404945
1458 100.035013
1459 176.500496
1460 223.169660
1461 99.700318
1462 220.131872
1463 102.019221
1464 101.226644
1465 99.088324
1466 174.247048
1467 100.744267
1468 103.093221
1469 100.906445
1470 100.872474
1471 199.518240
1472 102.437416
1473 101.677736
1474 148.790547
1475 104.525638
1476 103.423593
1477 101.072091
1478 104.604498
1479 103.156794
1480 182.752014
1481 182.267752
1482 103.013580
1483 254.085035
1484 103.500159
1485 103.396201
1486 106.947936
1487 105.380823
1488 104.684275
1489 150.141214
1490 386.726050
1491 315.646653
1492 106.718648
1493 108.667713
1494 225.137826
1495 186.739801
1496 108.675622
1497 106.495509
1498 108.658948
1499 110.192055
1500 111.014757
1501 108.279770
1502 109.980163
1503 125.529573
1504 109.163708
1505 109.518485
1506 136.027918
1507 109.630931
1508 115.644745
1509 110.864057
1510 108.268097
1511 112.894989
1512 112.201829
1513 227.944586
1514 112.703975
1515 111.963065
1516 113.129292
1517 241.527834
1518 194.409657
1519 246.504522
1520 112.324633
1521 113.106916
1522 199.396011
1523 114.203453
1524 112.956121
1525 235.747999
1526 114.738339
1527 113.970641
1528 114.040496
1529 114.425691
1530 114.178188
1531 115.298376
1532 114.343257
1533 116.140195
1534 115.190135
1535 115.383021
1536 242.627661
1537 262.878917
1538 183.906738
1539 208.772509
1540 245.345699
1541 118.579917
1542 224.518109
1543 118.845141
1544 215.751303
1545 118.711403
1546 119.019834
1547 116.727049
1548 119.156815
1549 136.435291
1550 119.536796
1551 117.514930
1552 120.138669
1553 118.260677
1554 120.057852
1555 121.759137
1556 122.619669
1557 246.586571
1558 252.971313
1559 122.843853
1560 121.136501
1561 248.909638
1562 216.005720
1563 251.109325
1564 135.777142
1565 121.269218
1566 120.354407
1567 251.477166
1568 122.710953
1569 217.035472
1570 123.254992
1571 255.145687
1572 121.704043
1573 121.785139
1574 122.774175
1575 139.714737
1576 137.209053
1577 126.130293
1578 123.666754
1579 126.255212
1580 121.997842
1581 124.996649
1582 123.553278
1583 125.456661
1584 125.007646
1585 126.264370
1586 124.545651
1587 126.414285
1588 127.510843
1589 126.728716
1590 231.331246
1591 125.940696
1592 127.773460
1593 146.311217
1594 128.132752
1595 127.226701
1596 126.920650
1597 137.511507
1598 126.326561
1599 129.137512
1600 263.680772
1601 242.959245
1602 129.893340
1603 130.081122
1604 140.520838
1605 129.196672
1606 132.096883
1607 129.037692
1608 129.966550
1609 129.028794
1610 149.167793
1611 131.358833
1612 130.194845
1613 133.020451
1614 131.232138
1615 132.389966
1616 255.306174
1617 131.993663
1618 133.781339
1619 132.665858
1620 134.128034
1621 134.259840
1622 283.192744
1623 133.414824
1624 148.085830
1625 134.559082
1626 134.519542
1627 277.390826
1628 134.428688
1629 147.442756
1630 253.114547
1631 136.411708
1632 137.302692
1633 136.510161
1634 151.538263
1635 139.916692
1636 469.927503
1637 137.751042
1638 137.250089
1639 156.183055
1640 140.444376
1641 137.856421
1642 138.720996
1643 140.118975
1644 138.193119
1645 139.576267
1646 139.438888
1647 288.931217
1648 293.849335
1649 140.399119
1650 182.728192
1651 142.526145
1652 141.352357
1653 141.127106
1654 150.103657
1655 141.885113
1656 142.515865
1657 409.824548
1658 141.678869
1659 282.154788
1660 143.164498
1661 144.551932
1662 144.487218
1663 159.555093
1664 146.619201
1665 147.598123
1666 148.095748
1667 306.086889
1668 147.687820
1669 147.693097
1670 148.756296
1671 156.615933
1672 147.635585
1673 152.082373
1674 149.663143
1675 147.471488
1676 151.623322
1677 151.375613
1678 151.617119
1679 163.124494
1680 244.897411
1681 337.692536
1682 151.066799
1683 153.582013
1684 364.949589
1685 154.404413
1686 280.576496
1687 177.726007
1688 152.621436
1689 155.741341
1690 154.550704
1691 153.620876
1692 156.281559
1693 347.411640
1694 156.363455
1695 157.270851
1696 419.965785
1697 158.720939
1698 155.800949
1699 289.149015
1700 160.106436
1701 159.199153
1702 158.495082
1703 278.954566
1704 431.040769
1705 158.896216
1706 260.346970
1707 316.229941
1708 167.866239
1709 161.030211
1710 159.843580
1711 160.673273
1712 159.628727
1713 160.867999
1714 160.802762
1715 280.495016
1716 160.784303
1717 161.516765
1718 163.463538
1719 232.272021
1720 165.272861
1721 163.656811
1722 162.890058
1723 287.332583
1724 164.752212
1725 165.640309
1726 165.810754
1727 167.079781
1728 379.394285
1729 166.602546
1730 166.265333
1731 166.352637
1732 165.885629
1733 407.672505
1734 168.342273
1735 167.936065
1736 225.614966
1737 171.273498
1738 169.390480
1739 169.859373
1740 349.484266
1741 169.107793
1742 170.069011
1743 169.314359
1744 355.476506
1745 289.079692
1746 171.763250
1747 453.878159
1748 194.414641
1749 171.125272
1750 172.831727
1751 339.706096
1752 171.475626
1753 171.845604
1754 173.503912
1755 172.298984
1756 173.666527
1757 173.607800
1758 175.290728
1759 207.776811
1760 176.796119
1761 175.993685
1762 174.606871
1763 175.400933
1764 179.095118
1765 177.101333
1766 177.956982
1767 177.065406
1768 176.625249
1769 195.438203
1770 316.704749
1771 178.620250
1772 180.411733
1773 181.153199
1774 408.208019
1775 179.599070
1776 211.282854
1777 215.270449
1778 181.679326
1779 180.643200
1780 180.879422
1781 180.605924
1782 497.480240
1783 183.992939
1784 210.898993
1785 182.340343
1786 181.234601
1787 184.671781
1788 184.029818
1789 182.887946
1790 184.461738
1791 412.741946
1792 225.827999
1793 247.431865
1794 185.287629
1795 221.470519
1796 331.272031
1797 186.711273
1798 188.075702
1799 194.438779
1800 187.826688
1801 189.416392
1802 189.773498
1803 187.015732
1804 189.116061
1805 189.200124
1806 223.475358
1807 189.963237
1808 194.758051
1809 188.328643
1810 334.497890
1811 378.858662
1812 189.599643
1813 192.444482
1814 191.239548
1815 191.843302
1816 352.830536
1817 190.453876
1818 409.259935
1819 216.442493
1820 423.891901
1821 193.726349
1822 347.908977
1823 390.992185
1824 209.692921
1825 194.151442
1826 196.744587
1827 253.576270
1828 401.523385
1829 196.363996
1830 204.413691
1831 199.064216
1832 196.832620
1833 196.512607
1834 231.261587
1835 197.006186
1836 200.361050
1837 199.301917
1838 197.336021
1839 197.576187
1840 199.351029
1841 197.882500
1842 199.872611
1843 200.836515
1844 248.398460
1845 200.345735
1846 202.657548
1847 361.796529
1848 224.833254
1849 202.508600
1850 202.183907
1851 202.637480
1852 207.592962
1853 206.843494
1854 202.577964
1855 438.585361
1856 213.053509
1857 209.475227
1858 206.498180
1859 394.882952
1860 215.810230
1861 208.018363
1862 427.256232
1863 209.441602
1864 209.464202
1865 208.904248
1866 209.330806
1867 370.778799
1868 209.721924
1869 213.522395
1870 377.977276
1871 212.134073
1872 227.568564
1873 213.700086
1874 400.218110
1875 393.387984
1876 373.229435
1877 236.284993
1878 215.017300
1879 357.836445
1880 213.201161
1881 215.832022
1882 329.514994
1883 468.449168
1884 222.990281
1885 215.814932
1886 214.235798
1887 218.424976
1888 484.648695
1889 385.053296
1890 225.629858
1891 406.110604
1892 470.864943
1893 219.169452
1894 220.745165
1895 371.351773
1896 221.764014
1897 271.569623
1898 253.904372
1899 218.412232
1900 220.591718
1901 230.544393
1902 221.745810
1903 223.448997
1904 463.183346
1905 222.484861
1906 221.701310
1907 222.429010
1908 239.950056
1909 369.350869
1910 254.748779
1911 224.733345
1912 226.029162
1913 512.240859
1914 402.937794
1915 221.858205
1916 226.706202
1917 230.635344
1918 227.205745
1919 225.069798
1920 229.106154
1921 259.088412
1922 247.421464
1923 228.005990
1924 229.273726
1925 226.765963
1926 227.992559
1927 228.762258
1928 229.789406
1929 231.877348
1930 234.725175
1931 328.982429
1932 232.370058
1933 230.310455
1934 233.846025
1935 235.126671
1936 231.618537
1937 234.403814
1938 459.163851
1939 413.823588
1940 237.195871
1941 235.523279
1942 236.721171
1943 265.066393
1944 491.274229
1945 239.144293
1946 238.317364
1947 238.695371
1948 236.201731
1949 237.054078
1950 237.844928
1951 456.711729
1952 291.761095
1953 505.039924
1954 271.031023
1955 241.839474
1956 240.552660
1957 239.572778
1958 251.893355
1959 243.162791
1960 270.548310
1961 446.235171
1962 249.652012
1963 242.579118
1964 3077.836637
1965 245.610595
1966 244.555425
1967 305.681557
1968 246.312895
1969 246.156770
1970 247.196636
1971 246.112380
1972 241.933778
1973 245.707862
1974 245.011678
1975 245.909448
1976 243.466737
1977 257.939502
1978 273.542050
1979 249.037151
1980 251.764353
1981 251.391173
1982 249.541713
1983 251.666316
1984 253.987209
1985 250.219359
1986 251.259129
1987 534.643203
1988 249.136079
1989 289.481909
1990 252.611977
1991 253.044851
1992 253.746317
1993 254.792233
1994 251.762908
1995 254.476443
1996 253.625842
1997 542.319216
1998 257.184970
1999 258.264993
2000 255.286609
2001 256.040915
2002 257.154058
2003 543.714660
2004 256.350210
2005 545.736051
2006 290.030064
2007 262.653641
2008 261.940026
2009 262.625482
2010 256.715055
2011 261.300722
2012 261.876700
2013 264.556238
2014 465.853724
2015 555.030776
2016 267.735749
2017 568.468959
2018 263.643852
2019 266.910597
2020 266.449077
2021 261.239166
2022 455.929175
2023 267.860302
2024 266.815790
2025 266.439643
2026 267.294415
2027 266.710430
2028 268.386348
2029 272.557848
2030 268.724620
2031 272.414024
2032 270.150977
2033 269.277911
2034 270.124513
2035 272.048307
2036 542.768718
2037 272.023161
2038 497.524879
2039 579.431520
2040 274.912726
2041 546.596030
2042 273.651213
2043 274.104671
2044 276.577383
2045 310.568931
2046 277.613070
2047 276.341266
2048 585.955998
2049 559.267297
2050 277.277438
2051 276.313038
2052 483.977475
2053 278.552467
2054 282.471747
2055 593.411575
2056 581.761175
2057 283.389708
2058 281.692480
2059 279.669891
2060 278.985731
2061 586.392679
2062 498.313698
2063 282.172538
2064 282.897922
2065 284.663805
2066 281.227744
2067 285.917119
2068 590.576770
2069 1078.363976
2070 288.080857
2071 287.603635
2072 326.159958
2073 289.753594
2074 288.859990
2075 284.278343
2076 566.585071
2077 287.489583
2078 293.356121
2079 400.582648
2080 286.910519
2081 326.412724
2082 318.395311
2083 291.799452
2084 318.086241
2085 292.230982
2086 289.427923
2087 291.614265
2088 294.061056
2089 326.482665
2090 296.193253
2091 292.494450
2092 291.235411
2093 600.388115
2094 291.623851
2095 295.424205
2096 613.710324
2097 298.490293
2098 295.976921
2099 300.633928
2100 298.190050
2101 413.209034
2102 297.935496
2103 627.825670
2104 536.661153
2105 302.553006
2106 678.046312
2107 299.759979
2108 303.737593
2109 298.287062
2110 304.330468
2111 305.001076
2112 301.744507
2113 302.991336
2114 304.873647
2115 305.228458
2116 305.585851
2117 641.258633
2118 301.980864
2119 303.936205
2120 307.924203
2121 307.738811
2122 309.271364
2123 308.343129
2124 306.906249
2125 307.536432
2126 308.416044
2127 311.975207
2128 311.416310
2129 389.762674
2130 316.170440
2131 313.928200
2132 313.346010
2133 314.079292
2134 310.981634
2135 313.182156
2136 315.697539
2137 315.488322
2138 315.116471
2139 652.497005
2140 575.598734
2141 318.960123
2142 1136.586509
2143 501.816898
2144 320.244898
2145 315.061995
2146 319.880033
2147 440.654403
2148 316.402640
2149 325.732413
2150 325.120295
2151 319.162454
2152 321.840740
2153 324.882177
2154 325.774597
2155 623.647928
2156 321.115267
2157 326.525470
2158 325.642022
2159 531.041214
2160 515.119992
2161 324.547277
2162 324.816488
2163 324.323823
2164 331.420328
2165 325.129377
2166 327.227743
2167 328.824716
2168 335.108446
2169 743.341090
2170 331.956343
2171 328.959456
2172 352.639151
2173 331.985836
2174 690.749738
2175 330.904980
2176 328.385762
2177 332.575150
2178 333.143757
2179 329.847838
2180 337.805284
2181 357.196844
2182 704.097936
2183 341.558208
2184 713.809725
2185 331.552674
2186 336.384230
2187 335.776649
2188 767.984774
2189 362.579703
2190 700.828455
2191 340.794765
2192 336.630745
2193 586.300065
2194 341.976372
2195 339.952415
2196 343.663905
2197 337.344476
2198 717.166261
2199 346.242822
2200 345.608180
2201 344.043021
2202 338.229469
2203 345.698685
2204 550.027549
2205 345.944015
2206 344.094841
2207 345.017189
2208 343.048884
2209 342.897407
2210 353.708433
2211 347.429443
2212 702.393142
2213 349.007581
2214 692.758990
2215 739.136649
2216 352.336734
2217 348.333577
2218 678.749248
2219 352.670181
2220 347.621413
2221 353.124836
2222 359.978514
2223 404.928287
2224 350.880321
2225 352.211592
2226 721.126135
2227 356.664754
2228 358.178643
2229 357.142713
2230 353.144484
2231 356.332619
2232 708.486604
2233 356.046909
2234 361.913891
2235 663.077327
