2 1.628297
3 2.365797
4 2.924205
5 8.868885
6 29.732544
7 84.828537
8 42.814820
9 23.765686
10 155.832010
2 1.723668
3 2.444359
4 3.003895
5 9.078832
6 30.311384
7 85.575261
8 43.316393
9 24.196931
10 158.892263
2 1.735461
3 2.469177
4 3.013707
5 9.107508
6 30.597701
7 86.540690
8 43.812022
9 24.360921
10 159.327190
2 1.740577
3 2.481575
4 3.032432
5 9.139200
6 30.633061
7 86.627580
8 44.186921
9 24.394245
10 162.459157
2 1.749204
3 2.483282
4 3.047507
5 9.203330
6 30.602796
7 87.978262
8 44.090205
9 24.486718
10 161.709359
