2 1.479077
3 4.548890
4 3.630097
5 16.440058
6 11.512142
7 41.447326
8 124.169120
9 49.683908
10 124.519041
2 1.572207
3 4.703041
4 3.722676
5 16.907928
6 11.707526
7 42.116978
8 124.828224
9 50.202050
10 126.291843
2 1.585883
3 4.707207
4 3.709380
5 16.846934
6 11.784073
7 42.226797
8 126.499757
9 50.434467
10 127.409818
2 1.585409
3 4.733406
4 3.746938
5 16.946449
6 11.780055
7 42.542094
8 127.088612
9 50.502908
10 128.126112
2 1.604351
3 4.786774
4 3.750337
5 16.998922
6 11.815077
7 42.758054
8 127.990786
9 50.758308
10 128.766378
2 1.610998
3 4.802399
4 3.693302
5 16.663434
6 11.625091
7 42.268372
8 126.367023
9 50.747898
10 126.721241
2 1.578990
3 4.735027
4 3.725377
5 16.954942
6 11.768496
7 42.504322
8 127.290927
9 51.119702
10 127.839093
2 1.596630
3 4.755039
4 3.751043
5 17.069635
6 11.798581
7 42.962363
8 128.336747
9 50.788120
10 128.497804
2 1.602293
3 4.770683
4 3.794433
5 17.051971
6 11.853898
7 42.855230
8 128.607894
9 50.893912
10 128.499738
2 1.605082
3 4.783080
4 3.759433
5 17.042403
6 11.842427
7 42.560018
8 127.924611
9 51.475749
10 129.791503
2 1.608777
3 4.806809
4 3.774720
5 17.017807
6 11.822825
7 42.695762
8 129.481037
9 51.573406
10 130.530877
2 1.616851
3 4.792520
4 3.798813
5 17.077705
6 11.961635
7 43.138180
8 129.336579
9 51.263933
10 130.404385
2 1.622617
3 4.813059
4 3.793377
5 17.190027
6 11.901112
7 43.293480
8 129.826212
9 51.385203
10 130.961595
2 1.622097
3 4.804322
4 3.799054
5 17.195238
6 11.926934
7 42.940836
8 129.885166
9 50.560126
10 128.839523
2 1.587573
3 4.765537
4 3.760337
5 17.102947
6 11.860937
7 43.002154
8 128.484759
9 51.309198
10 129.299471
2 1.599649
3 4.769720
4 3.767010
5 17.167553
6 11.927791
7 43.367083
8 128.742815
9 51.078153
10 129.952910
2 1.601629
3 4.792394
4 3.767550
5 17.154708
6 11.914853
7 42.804042
8 128.854751
9 51.522690
10 130.787669
2 1.608685
3 4.798934
4 3.770982
5 17.087774
6 11.899431
7 43.084358
8 129.121582
9 51.359126
10 129.732994
2 1.613587
3 4.828247
4 3.775863
5 17.158277
6 11.945302
7 43.130544
8 129.515843
9 51.500682
10 129.298926
2 1.621772
3 4.828097
4 3.790161
5 17.159562
6 11.951748
7 43.138066
8 128.938411
9 51.428977
10 131.028556
2 1.618928
3 4.816057
4 3.799597
5 17.141364
6 11.934092
7 43.218674
8 128.806105
9 51.632852
10 129.692788
2 1.620137
3 4.812866
4 3.810725
5 17.132331
6 11.892959
7 43.573987
8 129.473183
9 51.455364
10 130.345080
2 1.623933
3 4.838810
4 3.818247
5 16.809501
6 11.696640
7 42.833065
8 128.415095
9 50.972521
10 128.525296
2 1.585631
3 4.762940
4 3.752394
5 17.038044
6 11.860055
7 42.645588
8 128.616021
9 51.344965
10 129.769394
2 1.603430
3 4.785630
4 3.761549
5 17.052757
6 11.840530
7 43.002730
8 129.777776
9 51.195084
10 128.841597
2 1.613041
3 4.791608
4 3.773174
5 17.234719
6 11.855717
7 42.960571
8 129.442210
9 51.251902
10 129.871613
2 1.610664
3 4.792353
4 3.784080
5 17.127536
6 11.892725
7 42.827238
8 129.952169
9 51.805024
10 130.085527
2 1.615684
3 4.801248
4 3.791315
5 17.165943
6 11.893681
7 43.186431
8 131.118133
9 51.850434
10 128.254337
2 1.621672
3 4.832520
4 3.798736
5 17.235231
6 11.965914
7 43.186524
8 127.811610
9 51.093477
10 126.963966
2 1.616117
3 4.822329
4 3.782660
5 17.157926
6 11.877014
7 43.112224
8 127.543172
9 51.137567
10 128.892341
2 1.621180
3 4.819782
4 3.797165
5 17.234413
6 11.935892
7 42.838865
8 128.057714
9 50.467139
10 127.046595
2 1.597436
3 4.777546
4 3.761140
5 17.087575
6 11.844946
7 43.216351
8 128.327426
9 51.065607
10 127.827452
2 1.605282
3 4.811404
4 3.799430
5 17.088128
6 11.862268
7 42.820558
8 127.497374
9 51.535713
10 127.692391
2 1.596365
3 4.763798
4 3.771415
5 17.066520
6 11.838895
7 43.022169
8 127.054892
9 51.089136
10 127.379089
2 1.612355
3 4.806625
4 3.791234
5 17.189266
6 11.855174
7 42.645370
8 128.385756
9 51.255476
10 127.506933
2 1.627402
3 4.827611
4 3.807837
5 17.207858
6 12.000313
7 43.261779
8 128.129984
9 51.436357
10 127.948068
2 1.615770
3 4.803608
4 3.785796
5 17.064460
6 11.843367
7 43.083470
8 127.239711
9 51.154819
10 127.828297
2 1.619241
3 4.787650
4 3.791626
5 17.161671
6 11.901944
7 43.052090
8 127.025147
9 51.753163
10 129.073656
2 1.626172
3 4.843711
4 3.807355
5 17.245024
6 11.903562
7 43.374873
8 128.260891
9 51.389914
10 126.694935
2 1.618382
3 4.797704
4 3.813173
5 16.818800
6 11.654755
7 42.179525
8 125.807959
9 50.583647
10 125.917388
2 1.591522
3 4.765893
4 3.731309
5 17.028417
6 11.836138
7 42.776517
8 126.895474
9 51.153596
10 127.082704
2 1.600187
3 4.791299
4 3.753938
5 17.103051
6 11.796367
7 42.922692
8 127.134671
9 50.924351
10 126.350893
2 1.611454
3 4.799348
4 3.784944
5 17.268353
6 11.913639
7 43.193413
8 128.138617
9 51.199727
10 128.011711
2 1.612355
3 4.804736
4 3.796442
5 17.229053
6 11.914290
7 42.780438
8 126.925507
9 51.555325
10 127.765422
2 1.621438
3 4.811573
4 3.789028
5 17.164261
6 11.894951
7 42.907112
8 128.478790
9 51.206447
10 126.795047
2 1.617674
3 4.798288
4 3.791974
5 17.071886
6 11.941268
7 43.198495
8 127.584274
9 51.215600
10 127.480504
2 1.611748
3 4.834186
4 3.772871
5 17.067705
6 11.926207
7 42.858052
8 126.628469
9 51.154696
10 127.675378
2 1.613745
3 4.817476
4 3.785457
5 17.167909
6 11.899685
7 42.843325
8 127.529963
9 50.492166
10 126.160473
2 1.586323
3 4.752149
4 3.732436
5 17.093834
6 11.825389
7 42.821205
8 126.981024
9 51.064637
10 127.961057
2 1.599627
3 4.774939
4 3.749624
5 17.152915
6 11.858793
7 42.786457
8 126.951490
9 51.065291
10 128.244847
2 1.607795
3 4.782377
4 3.763504
5 17.146207
6 11.828353
7 42.794985
8 127.231324
9 51.244959
10 126.925183
2 1.609163
3 4.781528
4 3.757197
5 17.055752
6 11.807150
7 42.433151
8 128.271117
9 51.425286
10 127.729580
2 1.615331
3 4.804591
4 3.773473
5 17.097993
6 11.958534
7 43.039789
8 127.564685
9 51.262652
10 126.944619
2 1.611808
3 4.834033
4 3.778517
5 17.165136
6 11.875187
7 42.727921
8 126.850760
9 51.322074
10 127.447832
2 1.611835
3 4.818623
4 3.786802
5 17.165802
6 11.948872
7 42.924711
8 126.755550
9 51.533520
10 127.884493
2 1.619471
3 4.808898
4 3.782333
5 17.104010
6 11.882183
7 43.255295
8 127.325912
9 51.195340
10 127.462880
2 1.627616
3 4.823416
4 3.816503
5 16.884962
6 11.722349
7 42.689577
8 126.904846
9 51.016579
10 126.807686
2 1.596815
3 4.791942
4 3.767514
5 17.225122
6 11.846926
7 42.662102
8 127.684224
9 51.298250
10 127.360497
2 1.603311
3 4.784013
4 3.779257
5 17.090008
6 11.886339
7 43.382432
8 128.270156
9 51.281185
10 127.413542
2 1.613115
3 4.795772
4 3.785659
5 17.277255
6 11.878376
7 42.982922
8 127.745460
9 51.141891
10 127.981194
2 1.610457
3 4.806955
4 3.779688
5 17.222735
6 11.932603
7 42.953965
8 126.858839
9 51.650697
10 128.469911
2 1.606609
3 4.785830
4 3.765497
5 17.127898
6 11.868505
7 42.817916
8 128.138709
9 51.226934
10 127.406397
2 1.617928
3 4.839011
4 3.781742
5 17.141862
6 11.979183
7 43.137854
8 128.673887
9 51.153410
10 126.471149
2 1.618618
3 4.836861
4 3.779901
5 17.098644
6 11.889404
7 42.978145
8 127.341787
9 50.881615
10 128.056983
2 1.612903
3 4.800457
4 3.785312
5 17.176616
6 11.887567
7 42.744291
8 126.122908
9 50.485263
10 126.250943
2 1.593809
3 4.788792
4 3.757295
5 17.067238
6 11.859692
7 42.878128
8 127.618059
9 50.896439
10 126.601099
2 1.606783
3 4.772684
4 3.766186
5 17.108779
6 11.835478
7 42.777503
8 127.392163
9 51.081630
10 127.633072
2 1.604878
3 4.776716
4 3.766704
5 17.128652
6 11.832310
7 42.515684
8 127.015947
9 51.329673
10 127.985045
2 1.610986
3 4.794155
4 3.779655
5 17.036951
6 11.870524
7 42.690468
8 128.259751
9 51.157312
10 127.434241
2 1.608054
3 4.794513
4 3.777854
5 17.072476
6 11.964402
7 43.071447
8 127.837053
9 51.230211
10 126.533869
2 1.608726
3 4.816566
4 3.786912
5 17.096613
6 11.859157
7 42.968845
8 127.437898
9 51.253179
10 127.980815
2 1.612547
3 4.827349
4 3.789035
5 17.216507
6 11.917053
7 42.702226
8 126.550922
9 51.526356
10 128.377827
2 1.612596
3 4.803040
4 3.785856
5 17.059444
6 11.847602
7 43.426361
8 127.350858
9 51.002303
10 126.827921
2 1.615865
3 4.814387
4 3.800256
5 16.793545
6 11.634946
7 42.345664
8 125.453595
9 50.864575
10 126.660251
2 1.589994
3 4.767002
4 3.751325
5 16.985068
6 11.786910
7 42.705165
8 125.354804
9 50.873026
10 126.822986
2 1.594567
3 4.750084
4 3.741003
5 16.991293
6 11.781276
7 42.743537
8 126.823813
9 50.817718
10 126.440344
2 1.605043
3 4.760461
4 3.759235
5 17.094117
6 11.855837
7 42.677760
8 126.812716
9 50.870741
10 126.947659
2 1.607033
3 4.792687
4 3.762184
5 17.015253
6 11.813165
7 42.477672
8 126.137024
9 51.283224
10 127.323533
2 1.604267
3 4.775119
4 3.770125
5 17.031740
6 11.778346
7 42.479565
8 128.124669
9 50.901867
10 127.694916
2 1.617228
3 4.825237
4 3.798996
5 17.184775
6 12.013209
7 43.127748
8 128.385981
9 51.411081
10 126.802229
2 1.615287
3 4.824865
4 3.781448
5 17.180573
6 11.869137
7 42.994307
8 127.155173
9 50.790038
10 127.944585
2 1.609778
3 4.788625
4 3.785748
5 17.296281
6 11.954974
7 42.856880
8 126.854339
9 50.485188
10 125.992878
2 1.587897
3 4.756924
4 3.741236
5 17.062775
6 11.808110
7 42.990724
8 127.276418
9 51.015698
10 126.254489
2 1.600195
3 4.766218
4 3.761704
5 17.125939
6 11.817532
7 42.748151
8 126.890168
9 51.245142
10 127.779939
2 1.594817
3 4.787795
4 3.758084
5 17.069475
6 11.854719
7 42.977725
8 126.542881
9 51.344807
10 127.484073
2 1.606967
3 4.794438
4 3.771540
5 17.180836
6 11.822727
7 42.707076
8 128.048220
9 51.125697
10 127.098621
2 1.612869
3 4.784425
4 3.769237
5 17.082754
6 11.935553
7 43.119782
8 127.255673
9 50.968938
10 126.946717
2 1.615141
3 4.802262
4 3.770913
5 17.089600
6 11.911021
7 42.806052
8 128.621151
9 51.358242
10 127.822426
2 1.614883
3 4.821509
4 3.802633
5 17.241688
6 11.994485
7 43.016841
8 127.734838
9 51.423200
10 128.273053
2 1.621671
3 4.816461
4 3.803936
5 17.252742
6 11.904025
7 43.492587
8 128.799259
9 51.534679
10 127.989590
2 1.622982
3 4.826858
4 3.828959
5 16.908647
6 11.720543
7 42.321521
8 126.199564
9 50.734102
10 127.115795
2 1.600713
3 4.783150
4 3.757763
5 17.153976
6 11.889711
7 42.850587
8 126.799200
9 51.075508
10 126.973312
2 1.599709
3 4.791120
4 3.756938
5 17.035363
6 11.795374
7 43.177826
8 127.273326
9 51.152039
10 127.560734
2 1.606137
3 4.769182
4 3.755165
5 17.145347
6 11.872660
7 42.922490
8 126.847728
9 51.049472
10 127.469646
2 1.610847
3 4.788309
4 3.772778
5 17.096849
6 11.812464
7 42.552067
8 126.426743
9 51.189818
10 127.510431
2 1.611240
3 4.790130
4 3.779001
5 17.048140
6 11.827842
7 42.434395
8 128.526678
9 51.352446
10 127.661993
2 1.612136
3 4.795306
4 3.780330
5 17.047424
6 11.986782
7 43.119343
8 127.277607
9 51.019974
10 126.614928
2 1.614580
3 4.811935
4 3.769407
5 17.120714
6 11.866193
7 42.855302
8 127.962149
9 50.968779
10 127.503856
2 1.620392
3 4.801226
4 3.774778
5 17.163052
6 11.841620
7 42.623409
8 126.595619
9 50.450214
10 126.806320
2 1.594692
3 4.751674
4 3.746207
5 17.059763
6 11.821255
7 42.975547
8 126.004181
9 51.141902
10 126.866922
