2 1.500558
3 7.086764
4 10.836733
5 15.939617
6 105.602368
7 84.828547
8 152.032186
9 112.385541
10 280.212616
2 1.586440
3 7.294681
4 10.893388
5 16.354575
6 106.875385
7 84.958051
8 152.820014
9 112.539811
10 281.697447
2 1.599653
3 7.327903
4 10.914323
5 16.388783
6 106.687478
7 85.338880
8 152.742702
9 113.104350
10 284.951057
2 1.597108
3 7.352655
4 10.981436
5 16.404959
6 107.101635
7 85.748039
8 154.611682
9 113.233330
10 280.621991
2 1.601331
3 7.374086
4 11.014575
5 16.343460
6 107.491327
7 85.623105
8 152.982319
9 112.751119
10 279.611623
2 1.610199
3 7.378545
4 10.743687
5 16.213162
6 106.128861
7 84.981563
8 153.196631
9 113.664617
10 282.094620
2 1.594363
3 7.269951
4 10.918432
5 16.462812
6 106.637664
7 85.231332
8 153.659357
9 114.251910
10 285.429788
2 1.601666
3 7.317849
4 10.964043
5 16.441643
6 106.982644
7 86.192244
8 154.393511
9 113.990665
10 281.893576
2 1.608726
3 7.364864
4 11.013039
5 16.489440
6 107.464005
7 85.838118
8 153.150819
9 113.906795
10 283.937595
2 1.606458
3 7.392304
4 11.006118
5 16.517625
6 107.116468
7 85.643182
8 152.490989
9 114.768751
10 283.240797
2 1.608627
3 7.405144
4 10.996312
5 16.523399
6 106.353290
7 84.911402
8 154.857690
9 114.394537
10 284.094907
2 1.613910
3 7.387386
4 11.074547
5 16.485857
6 107.818208
7 87.233405
8 154.179879
9 113.611340
10 280.828141
2 1.617947
3 7.410871
4 11.094521
5 16.657248
6 107.235389
7 86.115759
8 153.739806
9 113.073383
10 286.977243
2 1.613146
3 7.434750
4 11.156745
5 16.597863
6 107.584093
7 86.004189
8 155.093527
9 113.364180
10 282.396061
2 1.598396
3 7.324334
4 10.966148
5 16.509659
6 107.950788
7 86.560633
8 153.787292
9 114.384063
10 282.624027
2 1.605468
3 7.365155
4 11.040112
5 16.587939
6 107.662940
7 86.084394
8 153.712916
9 113.981372
10 285.210268
2 1.608287
3 7.382028
4 11.069860
5 16.563284
6 107.566416
7 86.140524
8 154.255697
9 115.169139
10 285.934830
2 1.608828
3 7.406621
4 11.071977
5 16.527298
6 106.911110
7 85.855545
8 155.482326
9 114.444381
10 283.666341
2 1.609881
3 7.391671
4 11.053393
5 16.484042
6 108.530253
7 86.189604
8 154.208881
9 114.598904
10 283.612802
2 1.619926
3 7.414745
4 11.041786
5 16.531981
6 107.590747
7 87.111146
8 154.158480
9 114.164954
10 285.707710
2 1.614590
3 7.414990
4 11.038747
5 16.636369
6 107.925867
7 86.194589
8 153.526502
9 115.820614
10 286.887771
2 1.618906
3 7.431116
4 11.094137
5 16.568301
6 107.268143
7 86.940329
8 155.231529
9 114.231856
10 281.318961
2 1.628410
3 7.400783
4 11.183230
5 16.320818
6 106.630135
7 85.752900
8 153.716988
9 114.267716
10 283.869427
2 1.599388
3 7.357104
4 11.003109
5 16.443436
6 107.333368
7 86.250458
8 153.991266
9 114.923896
10 284.618923
2 1.606061
3 7.363150
4 11.032542
5 16.487000
6 107.684433
7 86.635415
8 154.813621
9 113.987208
10 282.210402
2 1.603395
3 7.399685
4 11.002063
5 16.641223
6 108.145540
7 86.387997
8 154.298441
9 114.098924
10 285.331787
2 1.602323
3 7.416393
4 11.040088
5 16.599982
6 107.731895
7 85.926224
8 153.455396
9 115.323364
10 284.260529
2 1.613143
3 7.397222
4 11.062791
5 16.462630
6 106.579353
7 85.503930
8 155.204557
9 114.802600
10 284.517109
2 1.616195
3 7.419033
4 11.072976
5 16.483770
6 108.547834
7 86.159399
8 154.041718
9 113.595657
10 283.098918
2 1.610714
3 7.439324
4 11.131111
5 16.530084
6 107.936632
7 86.226445
8 153.798104
9 114.041022
10 284.874763
2 1.619796
3 7.459423
4 11.092304
5 16.653194
6 108.110784
7 86.124398
8 155.041182
9 113.053142
10 283.309306
2 1.594185
3 7.344243
4 10.960507
5 16.399345
6 107.133597
7 86.612146
8 154.638315
9 114.000394
10 283.934369
2 1.601531
3 7.338950
4 11.000000
5 16.592210
6 107.209817
7 85.756667
8 154.025225
9 113.731206
10 286.588709
2 1.602088
3 7.371273
4 11.052458
5 16.543277
6 107.036003
7 86.329808
8 154.216580
9 114.351179
10 283.581902
2 1.607914
3 7.413383
4 11.002118
5 16.546955
6 106.962908
7 85.855688
8 155.201752
9 114.350740
10 284.401634
2 1.611285
3 7.392328
4 11.036084
5 16.472283
6 108.117528
7 86.442638
8 154.277704
9 114.560667
10 282.893079
2 1.614987
3 7.426291
4 11.019806
5 16.579686
6 107.228056
7 85.978455
8 154.455359
9 113.812707
10 285.052242
2 1.616133
3 7.410020
4 11.075658
5 16.596801
6 107.640020
7 85.789100
8 154.367693
9 114.915080
10 285.581527
2 1.616046
3 7.426424
4 11.068155
5 16.569066
6 107.232944
7 86.882428
8 155.071348
9 114.583502
10 282.258468
2 1.626283
3 7.404678
4 11.135757
5 16.363047
6 106.747533
7 85.439018
8 154.060994
9 113.888500
10 283.001025
2 1.592623
3 7.366473
4 11.009725
5 16.499809
6 107.229239
7 85.774007
8 153.268347
9 114.578131
10 284.735764
2 1.602828
3 7.380700
4 10.988523
5 16.489252
6 106.822954
7 86.331101
8 153.707365
9 114.023008
10 282.850645
2 1.608695
3 7.376369
4 10.998183
5 16.600919
6 107.395257
7 85.778333
8 154.323436
9 113.509691
10 284.660625
2 1.608878
3 7.366319
4 11.028098
5 16.566998
6 107.370654
7 86.068810
8 154.072952
9 115.847205
10 284.829689
2 1.616035
3 7.397634
4 11.077226
5 16.529761
6 107.372546
7 85.703746
8 155.250959
9 114.885640
10 285.266246
2 1.614683
3 7.392084
4 11.047853
5 16.552547
6 108.577235
7 86.246864
8 155.001390
9 114.356949
10 283.222855
2 1.627145
3 7.427545
4 11.090347
5 16.546812
6 107.576264
7 87.000054
8 153.522147
9 113.638047
10 285.748365
2 1.615478
3 7.401695
4 11.078636
5 16.509717
6 107.539449
7 86.352371
8 153.620094
9 113.360573
10 281.987558
2 1.595111
3 7.328813
4 11.010047
5 16.476881
6 107.208802
7 86.800798
8 154.191091
9 114.191984
10 282.540531
2 1.605411
3 7.403138
4 11.020825
5 16.587273
6 107.769351
7 86.296087
8 154.012528
9 113.606435
10 285.119442
2 1.609933
3 7.407335
4 11.007648
5 16.533884
6 107.043386
7 85.462573
8 153.648828
9 115.353114
10 283.895358
2 1.611161
3 7.412226
4 11.039562
5 16.684813
6 106.997866
7 85.638710
8 155.895465
9 114.464072
10 285.584688
2 1.613771
3 7.384397
4 11.104100
5 16.500328
6 108.475757
7 86.869239
8 155.173022
9 114.331440
10 283.873784
2 1.620257
3 7.401135
4 11.066149
5 16.543875
6 107.651152
7 86.372571
8 154.294838
9 114.164011
10 285.882923
2 1.615539
3 7.440724
4 11.038669
5 16.556455
6 108.166379
7 86.570150
8 154.818556
9 115.652471
10 285.913989
2 1.619527
3 7.433574
4 11.079147
5 16.610427
6 107.441715
7 87.138239
8 155.012533
9 114.556623
10 283.988487
2 1.619338
3 7.415757
4 11.103810
5 16.206143
6 106.306907
7 85.410416
8 153.107398
9 113.936053
10 284.061065
2 1.598155
3 7.329455
4 11.030702
5 16.477350
6 106.999691
7 85.731827
8 154.192334
9 114.209590
10 284.134576
2 1.607922
3 7.381385
4 11.015042
5 16.580496
6 106.763240
7 87.193766
8 154.259327
9 113.991384
10 283.784262
2 1.605231
3 7.359526
4 10.990932
5 16.658262
6 107.774984
7 86.550789
8 153.575558
9 113.598220
10 285.546878
2 1.607652
3 7.405127
4 11.076396
5 16.511693
6 107.049479
7 86.094437
8 153.893296
9 114.935158
10 285.336424
2 1.610181
3 7.445233
4 11.043931
5 16.548814
6 107.004992
7 86.194419
8 155.612805
9 114.682138
10 285.072119
2 1.613245
3 7.399711
4 11.098988
5 16.464404
6 108.922094
7 86.970582
8 154.208503
9 114.112538
10 283.408659
2 1.630031
3 7.433361
4 11.057001
5 16.623479
